-117.146447 30.110913 NaN
-117.075736 30.181623 NaN
-117.005025 30.252334 NaN
-116.934315 30.323045 NaN
-116.863604 30.393755 NaN
-116.792893 30.464466 NaN
-116.722183 30.535177 NaN
-116.651472 30.605887 NaN
-116.580761 30.676598 NaN
-116.510051 30.747309 58.500000
-116.439340 30.818019 56.500000
-116.368629 30.888730 55.000000
-116.297918 30.959441 52.500000
-116.227208 31.030152 68.500000
-116.156497 31.100862 78.000000
-116.085786 31.171573 77.500000
-116.015076 31.242284 73.000000
-115.944365 31.312994 NaN
-115.873654 31.383705 NaN
-115.802944 31.454416 60.000000
-115.732233 31.525126 62.500000
-115.661522 31.595837 NaN
-115.590812 31.666548 NaN
-115.520101 31.737258 NaN
-115.449390 31.807969 NaN
-115.378680 31.878680 NaN
-115.307969 31.949390 NaN
-115.237258 32.020101 NaN
-115.166548 32.090812 NaN
-115.095837 32.161522 NaN
-115.025126 32.232233 NaN
-114.954416 32.302944 NaN
-114.883705 32.373654 NaN
-114.812994 32.444365 NaN
-114.742284 32.515076 40.500000
-114.671573 32.585786 44.000000
-114.600862 32.656497 65.000000
-114.530152 32.727208 69.500000
-114.459441 32.797918 71.000000
-114.388730 32.868629 72.000000
-114.318019 32.939340 NaN
-114.247309 33.010051 NaN
-114.176598 33.080761 NaN
-114.105887 33.151472 NaN
-114.035177 33.222183 NaN
-113.964466 33.292893 NaN
-113.893755 33.363604 NaN
-113.823045 33.434315 82.500000
-113.752334 33.505025 82.000000
-113.681623 33.575736 76.500000
-113.610913 33.646447 74.500000
-117.217157 30.181623 NaN
-117.146447 30.252334 NaN
-117.075736 30.323045 NaN
-117.005025 30.393755 NaN
-116.934315 30.464466 NaN
-116.863604 30.535177 NaN
-116.792893 30.605887 NaN
-116.722183 30.676598 NaN
-116.651472 30.747309 NaN
-116.580761 30.818019 NaN
-116.510051 30.888730 55.500000
-116.439340 30.959441 69.500000
-116.368629 31.030152 39.500000
-116.297918 31.100862 70.000000
-116.227208 31.171573 59.500000
-116.156497 31.242284 61.000000
-116.085786 31.312994 60.000000
-116.015076 31.383705 NaN
-115.944365 31.454416 NaN
-115.873654 31.525126 57.500000
-115.802944 31.595837 NaN
-115.732233 31.666548 NaN
-115.661522 31.737258 NaN
-115.590812 31.807969 NaN
-115.520101 31.878680 NaN
-115.449390 31.949390 NaN
-115.378680 32.020101 NaN
-115.307969 32.090812 45.000000
-115.237258 32.161522 45.000000
-115.166548 32.232233 44.500000
-115.095837 32.302944 44.000000
-115.025126 32.373654 NaN
-114.954416 32.444365 42.000000
-114.883705 32.515076 41.500000
-114.812994 32.585786 42.500000
-114.742284 32.656497 44.500000
-114.671573 32.727208 46.000000
-114.600862 32.797918 57.500000
-114.530152 32.868629 69.000000
-114.459441 32.939340 71.500000
-114.388730 33.010051 71.500000
-114.318019 33.080761 NaN
-114.247309 33.151472 NaN
-114.176598 33.222183 NaN
-114.105887 33.292893 NaN
-114.035177 33.363604 NaN
-113.964466 33.434315 NaN
-113.893755 33.505025 80.000000
-113.823045 33.575736 81.000000
-113.752334 33.646447 76.000000
-113.681623 33.717157 74.000000
-117.287868 30.252334 NaN
-117.217157 30.323045 NaN
-117.146447 30.393755 NaN
-117.075736 30.464466 NaN
-117.005025 30.535177 NaN
-116.934315 30.605887 NaN
-116.863604 30.676598 NaN
-116.792893 30.747309 NaN
-116.722183 30.818019 NaN
-116.651472 30.888730 NaN
-116.580761 30.959441 NaN
-116.510051 31.030152 NaN
-116.439340 31.100862 NaN
-116.368629 31.171573 58.500000
-116.297918 31.242284 58.000000
-116.227208 31.312994 NaN
-116.156497 31.383705 NaN
-116.085786 31.454416 59.000000
-116.015076 31.525126 58.500000
-115.944365 31.595837 58.500000
-115.873654 31.666548 NaN
-115.802944 31.737258 NaN
-115.732233 31.807969 50.000000
-115.661522 31.878680 NaN
-115.590812 31.949390 NaN
-115.520101 32.020101 NaN
-115.449390 32.090812 NaN
-115.378680 32.161522 44.000000
-115.307969 32.232233 44.000000
-115.237258 32.302944 43.500000
-115.166548 32.373654 43.000000
-115.095837 32.444365 42.500000
-115.025126 32.515076 42.500000
-114.954416 32.585786 42.500000
-114.883705 32.656497 43.500000
-114.812994 32.727208 44.000000
-114.742284 32.797918 45.500000
-114.671573 32.868629 50.500000
-114.600862 32.939340 66.000000
-114.530152 33.010051 71.000000
-114.459441 33.080761 71.000000
-114.388730 33.151472 NaN
-114.318019 33.222183 NaN
-114.247309 33.292893 NaN
-114.176598 33.363604 75.500000
-114.105887 33.434315 76.500000
-114.035177 33.505025 NaN
-113.964466 33.575736 77.000000
-113.893755 33.646447 76.500000
-113.823045 33.717157 75.500000
-113.752334 33.787868 74.000000
-117.358579 30.323045 NaN
-117.287868 30.393755 NaN
-117.217157 30.464466 NaN
-117.146447 30.535177 NaN
-117.075736 30.605887 NaN
-117.005025 30.676598 NaN
-116.934315 30.747309 NaN
-116.863604 30.818019 NaN
-116.792893 30.888730 NaN
-116.722183 30.959441 NaN
-116.651472 31.030152 NaN
-116.580761 31.100862 NaN
-116.510051 31.171573 NaN
-116.439340 31.242284 NaN
-116.368629 31.312994 NaN
-116.297918 31.383705 NaN
-116.227208 31.454416 NaN
-116.156497 31.525126 59.500000
-116.085786 31.595837 60.000000
-116.015076 31.666548 60.000000
-115.944365 31.737258 60.000000
-115.873654 31.807969 59.500000
-115.802944 31.878680 47.000000
-115.732233 31.949390 NaN
-115.661522 32.020101 NaN
-115.590812 32.090812 NaN
-115.520101 32.161522 NaN
-115.449390 32.232233 44.500000
-115.378680 32.302944 43.500000
-115.307969 32.373654 43.000000
-115.237258 32.444365 42.500000
-115.166548 32.515076 42.000000
-115.095837 32.585786 42.000000
-115.025126 32.656497 42.500000
-114.954416 32.727208 43.500000
-114.883705 32.797918 44.500000
-114.812994 32.868629 45.500000
-114.742284 32.939340 49.000000
-114.671573 33.010051 55.500000
-114.600862 33.080761 71.000000
-114.530152 33.151472 70.500000
-114.459441 33.222183 NaN
-114.388730 33.292893 68.500000
-114.318019 33.363604 67.000000
-114.247309 33.434315 68.500000
-114.176598 33.505025 75.000000
-114.105887 33.575736 75.500000
-114.035177 33.646447 76.000000
-113.964466 33.717157 75.500000
-113.893755 33.787868 85.000000
-113.823045 33.858579 86.000000
-117.429289 30.393755 NaN
-117.358579 30.464466 NaN
-117.287868 30.535177 NaN
-117.217157 30.605887 NaN
-117.146447 30.676598 NaN
-117.075736 30.747309 NaN
-117.005025 30.818019 NaN
-116.934315 30.888730 NaN
-116.863604 30.959441 NaN
-116.792893 31.030152 NaN
-116.722183 31.100862 NaN
-116.651472 31.171573 NaN
-116.580761 31.242284 NaN
-116.510051 31.312994 NaN
-116.439340 31.383705 NaN
-116.368629 31.454416 NaN
-116.297918 31.525126 NaN
-116.227208 31.595837 59.500000
-116.156497 31.666548 59.500000
-116.085786 31.737258 59.500000
-116.015076 31.807969 59.000000
-115.944365 31.878680 58.500000
-115.873654 31.949390 NaN
-115.802944 32.020101 NaN
-115.732233 32.090812 NaN
-115.661522 32.161522 NaN
-115.590812 32.232233 NaN
-115.520101 32.302944 48.000000
-115.449390 32.373654 44.500000
-115.378680 32.444365 43.000000
-115.307969 32.515076 42.000000
-115.237258 32.585786 41.500000
-115.166548 32.656497 41.500000
-115.095837 32.727208 43.000000
-115.025126 32.797918 45.500000
-114.954416 32.868629 47.000000
-114.883705 32.939340 47.000000
-114.812994 33.010051 50.000000
-114.742284 33.080761 54.500000
-114.671573 33.151472 77.500000
-114.600862 33.222183 71.000000
-114.530152 33.292893 68.500000
-114.459441 33.363604 68.500000
-114.388730 33.434315 67.000000
-114.318019 33.505025 67.500000
-114.247309 33.575736 72.500000
-114.176598 33.646447 74.000000
-114.105887 33.717157 74.500000
-114.035177 33.787868 74.500000
-113.964466 33.858579 86.000000
-113.893755 33.929289 87.500000
-117.500000 30.464466 NaN
-117.429289 30.535177 NaN
-117.358579 30.605887 NaN
-117.287868 30.676598 NaN
-117.217157 30.747309 NaN
-117.146447 30.818019 NaN
-117.075736 30.888730 NaN
-117.005025 30.959441 NaN
-116.934315 31.030152 NaN
-116.863604 31.100862 NaN
-116.792893 31.171573 NaN
-116.722183 31.242284 NaN
-116.651472 31.312994 NaN
-116.580761 31.383705 NaN
-116.510051 31.454416 NaN
-116.439340 31.525126 NaN
-116.368629 31.595837 NaN
-116.297918 31.666548 60.000000
-116.227208 31.737258 60.000000
-116.156497 31.807969 59.500000
-116.085786 31.878680 59.000000
-116.015076 31.949390 59.000000
-115.944365 32.020101 NaN
-115.873654 32.090812 NaN
-115.802944 32.161522 NaN
-115.732233 32.232233 NaN
-115.661522 32.302944 NaN
-115.590812 32.373654 NaN
-115.520101 32.444365 47.000000
-115.449390 32.515076 44.500000
-115.378680 32.585786 44.000000
-115.307969 32.656497 43.500000
-115.237258 32.727208 45.000000
-115.166548 32.797918 46.500000
-115.095837 32.868629 48.500000
-115.025126 32.939340 49.500000
-114.954416 33.010051 51.000000
-114.883705 33.080761 52.000000
-114.812994 33.151472 53.500000
-114.742284 33.222183 77.500000
-114.671573 33.292893 72.000000
-114.600862 33.363604 68.000000
-114.530152 33.434315 66.500000
-114.459441 33.505025 67.500000
-114.388730 33.575736 67.500000
-114.318019 33.646447 68.500000
-114.247309 33.717157 71.500000
-114.176598 33.787868 72.500000
-114.105887 33.858579 84.500000
-114.035177 33.929289 87.000000
-113.964466 34.000000 89.000000
-117.570711 30.535177 NaN
-117.500000 30.605887 NaN
-117.429289 30.676598 NaN
-117.358579 30.747309 NaN
-117.287868 30.818019 NaN
-117.217157 30.888730 NaN
-117.146447 30.959441 NaN
-117.075736 31.030152 NaN
-117.005025 31.100862 NaN
-116.934315 31.171573 NaN
-116.863604 31.242284 NaN
-116.792893 31.312994 NaN
-116.722183 31.383705 NaN
-116.651472 31.454416 NaN
-116.580761 31.525126 NaN
-116.510051 31.595837 NaN
-116.439340 31.666548 NaN
-116.368629 31.737258 NaN
-116.297918 31.807969 68.500000
-116.227208 31.878680 61.000000
-116.156497 31.949390 NaN
-116.085786 32.020101 NaN
-116.015076 32.090812 NaN
-115.944365 32.161522 NaN
-115.873654 32.232233 NaN
-115.802944 32.302944 NaN
-115.732233 32.373654 NaN
-115.661522 32.444365 NaN
-115.590812 32.515076 47.000000
-115.520101 32.585786 44.500000
-115.449390 32.656497 44.000000
-115.378680 32.727208 44.000000
-115.307969 32.797918 52.000000
-115.237258 32.868629 51.000000
-115.166548 32.939340 51.000000
-115.095837 33.010051 51.500000
-115.025126 33.080761 52.000000
-114.954416 33.151472 52.000000
-114.883705 33.222183 52.500000
-114.812994 33.292893 53.000000
-114.742284 33.363604 72.000000
-114.671573 33.434315 69.000000
-114.600862 33.505025 66.500000
-114.530152 33.575736 67.000000
-114.459441 33.646447 67.000000
-114.388730 33.717157 66.500000
-114.318019 33.787868 67.000000
-114.247309 33.858579 68.500000
-114.176598 33.929289 69.500000
-114.105887 34.000000 86.500000
-114.035177 34.070711 88.000000
-117.641421 30.605887 NaN
-117.570711 30.676598 NaN
-117.500000 30.747309 NaN
-117.429289 30.818019 NaN
-117.358579 30.888730 NaN
-117.287868 30.959441 NaN
-117.217157 31.030152 NaN
-117.146447 31.100862 NaN
-117.075736 31.171573 NaN
-117.005025 31.242284 NaN
-116.934315 31.312994 NaN
-116.863604 31.383705 NaN
-116.792893 31.454416 NaN
-116.722183 31.525126 NaN
-116.651472 31.595837 NaN
-116.580761 31.666548 NaN
-116.510051 31.737258 NaN
-116.439340 31.807969 NaN
-116.368629 31.878680 NaN
-116.297918 31.949390 NaN
-116.227208 32.020101 NaN
-116.156497 32.090812 NaN
-116.085786 32.161522 NaN
-116.015076 32.232233 68.000000
-115.944365 32.302944 NaN
-115.873654 32.373654 NaN
-115.802944 32.444365 51.000000
-115.732233 32.515076 48.500000
-115.661522 32.585786 45.500000
-115.590812 32.656497 43.500000
-115.520101 32.727208 42.000000
-115.449390 32.797918 42.000000
-115.378680 32.868629 44.000000
-115.307969 32.939340 50.500000
-115.237258 33.010051 52.500000
-115.166548 33.080761 52.500000
-115.095837 33.151472 52.000000
-115.025126 33.222183 52.000000
-114.954416 33.292893 52.000000
-114.883705 33.363604 52.000000
-114.812994 33.434315 77.500000
-114.742284 33.505025 71.000000
-114.671573 33.575736 70.000000
-114.600862 33.646447 68.000000
-114.530152 33.717157 66.000000
-114.459441 33.787868 65.000000
-114.388730 33.858579 65.500000
-114.318019 33.929289 65.500000
-114.247309 34.000000 66.500000
-114.176598 34.070711 83.500000
-114.105887 34.141421 84.500000
-117.712132 30.676598 NaN
-117.641421 30.747309 NaN
-117.570711 30.818019 NaN
-117.500000 30.888730 NaN
-117.429289 30.959441 NaN
-117.358579 31.030152 NaN
-117.287868 31.100862 NaN
-117.217157 31.171573 NaN
-117.146447 31.242284 NaN
-117.075736 31.312994 NaN
-117.005025 31.383705 NaN
-116.934315 31.454416 NaN
-116.863604 31.525126 NaN
-116.792893 31.595837 NaN
-116.722183 31.666548 NaN
-116.651472 31.737258 NaN
-116.580761 31.807969 NaN
-116.510051 31.878680 NaN
-116.439340 31.949390 NaN
-116.368629 32.020101 NaN
-116.297918 32.090812 NaN
-116.227208 32.161522 NaN
-116.156497 32.232233 NaN
-116.085786 32.302944 69.000000
-116.015076 32.373654 69.000000
-115.944365 32.444365 69.000000
-115.873654 32.515076 49.000000
-115.802944 32.585786 46.000000
-115.732233 32.656497 44.000000
-115.661522 32.727208 42.000000
-115.590812 32.797918 41.000000
-115.520101 32.868629 41.000000
-115.449390 32.939340 42.500000
-115.378680 33.010051 51.500000
-115.307969 33.080761 52.500000
-115.237258 33.151472 52.500000
-115.166548 33.222183 52.000000
-115.095837 33.292893 52.000000
-115.025126 33.363604 52.000000
-114.954416 33.434315 51.500000
-114.883705 33.505025 77.500000
-114.812994 33.575736 77.500000
-114.742284 33.646447 77.500000
-114.671573 33.717157 68.500000
-114.600862 33.787868 65.500000
-114.530152 33.858579 64.000000
-114.459441 33.929289 63.000000
-114.388730 34.000000 65.000000
-114.318019 34.070711 66.000000
-114.247309 34.141421 81.000000
-114.176598 34.212132 82.000000
-117.782843 30.747309 NaN
-117.712132 30.818019 NaN
-117.641421 30.888730 NaN
-117.570711 30.959441 NaN
-117.500000 31.030152 NaN
-117.429289 31.100862 NaN
-117.358579 31.171573 NaN
-117.287868 31.242284 NaN
-117.217157 31.312994 NaN
-117.146447 31.383705 NaN
-117.075736 31.454416 NaN
-117.005025 31.525126 NaN
-116.934315 31.595837 NaN
-116.863604 31.666548 NaN
-116.792893 31.737258 NaN
-116.722183 31.807969 NaN
-116.651472 31.878680 NaN
-116.580761 31.949390 NaN
-116.510051 32.020101 NaN
-116.439340 32.090812 NaN
-116.368629 32.161522 NaN
-116.297918 32.232233 NaN
-116.227208 32.302944 69.500000
-116.156497 32.373654 69.000000
-116.085786 32.444365 68.500000
-116.015076 32.515076 69.500000
-115.944365 32.585786 46.000000
-115.873654 32.656497 44.000000
-115.802944 32.727208 42.500000
-115.732233 32.797918 41.500000
-115.661522 32.868629 41.000000
-115.590812 32.939340 41.000000
-115.520101 33.010051 47.500000
-115.449390 33.080761 51.500000
-115.378680 33.151472 52.500000
-115.307969 33.222183 52.500000
-115.237258 33.292893 52.500000
-115.166548 33.363604 52.500000
-115.095837 33.434315 52.000000
-115.025126 33.505025 77.000000
-114.954416 33.575736 77.000000
-114.883705 33.646447 77.500000
-114.812994 33.717157 77.500000
-114.742284 33.787868 76.500000
-114.671573 33.858579 66.500000
-114.600862 33.929289 64.500000
-114.530152 34.000000 62.500000
-114.459441 34.070711 61.500000
-114.388730 34.141421 64.500000
-114.318019 34.212132 80.000000
-114.247309 34.282843 80.000000
-117.853553 30.818019 NaN
-117.782843 30.888730 NaN
-117.712132 30.959441 NaN
-117.641421 31.030152 NaN
-117.570711 31.100862 NaN
-117.500000 31.171573 NaN
-117.429289 31.242284 NaN
-117.358579 31.312994 NaN
-117.287868 31.383705 NaN
-117.217157 31.454416 NaN
-117.146447 31.525126 NaN
-117.075736 31.595837 NaN
-117.005025 31.666548 NaN
-116.934315 31.737258 NaN
-116.863604 31.807969 NaN
-116.792893 31.878680 NaN
-116.722183 31.949390 NaN
-116.651472 32.020101 NaN
-116.580761 32.090812 NaN
-116.510051 32.161522 NaN
-116.439340 32.232233 NaN
-116.368629 32.302944 70.500000
-116.297918 32.373654 69.500000
-116.227208 32.444365 69.000000
-116.156497 32.515076 68.500000
-116.085786 32.585786 69.000000
-116.015076 32.656497 67.500000
-115.944365 32.727208 43.000000
-115.873654 32.797918 42.500000
-115.802944 32.868629 42.500000
-115.732233 32.939340 42.000000
-115.661522 33.010051 42.500000
-115.590812 33.080761 48.000000
-115.520101 33.151472 51.000000
-115.449390 33.222183 52.000000
-115.378680 33.292893 52.500000
-115.307969 33.363604 53.000000
-115.237258 33.434315 53.000000
-115.166548 33.505025 52.500000
-115.095837 33.575736 77.500000
-115.025126 33.646447 77.500000
-114.954416 33.717157 77.500000
-114.883705 33.787868 77.500000
-114.812994 33.858579 77.000000
-114.742284 33.929289 75.500000
-114.671573 34.000000 66.000000
-114.600862 34.070711 65.000000
-114.530152 34.141421 61.500000
-114.459441 34.212132 76.500000
-114.388730 34.282843 78.000000
-114.318019 34.353553 77.500000
-117.924264 30.888730 NaN
-117.853553 30.959441 NaN
-117.782843 31.030152 NaN
-117.712132 31.100862 NaN
-117.641421 31.171573 NaN
-117.570711 31.242284 NaN
-117.500000 31.312994 NaN
-117.429289 31.383705 NaN
-117.358579 31.454416 NaN
-117.287868 31.525126 NaN
-117.217157 31.595837 NaN
-117.146447 31.666548 NaN
-117.075736 31.737258 NaN
-117.005025 31.807969 NaN
-116.934315 31.878680 NaN
-116.863604 31.949390 NaN
-116.792893 32.020101 NaN
-116.722183 32.090812 NaN
-116.651472 32.161522 NaN
-116.580761 32.232233 74.000000
-116.510051 32.302944 72.500000
-116.439340 32.373654 71.000000
-116.368629 32.444365 70.000000
-116.297918 32.515076 69.000000
-116.227208 32.585786 69.000000
-116.156497 32.656497 69.500000
-116.085786 32.727208 70.500000
-116.015076 32.797918 80.000000
-115.944365 32.868629 44.500000
-115.873654 32.939340 44.500000
-115.802944 33.010051 43.000000
-115.732233 33.080761 43.500000
-115.661522 33.151472 47.500000
-115.590812 33.222183 50.000000
-115.520101 33.292893 52.000000
-115.449390 33.363604 53.000000
-115.378680 33.434315 53.500000
-115.307969 33.505025 77.000000
-115.237258 33.575736 79.000000
-115.166548 33.646447 79.000000
-115.095837 33.717157 79.000000
-115.025126 33.787868 77.500000
-114.954416 33.858579 77.000000
-114.883705 33.929289 76.500000
-114.812994 34.000000 75.500000
-114.742284 34.070711 74.000000
-114.671573 34.141421 67.000000
-114.600862 34.212132 71.500000
-114.530152 34.282843 72.000000
-114.459441 34.353553 73.500000
-114.388730 34.424264 74.500000
-117.994975 30.959441 NaN
-117.924264 31.030152 NaN
-117.853553 31.100862 NaN
-117.782843 31.171573 NaN
-117.712132 31.242284 NaN
-117.641421 31.312994 NaN
-117.570711 31.383705 NaN
-117.500000 31.454416 NaN
-117.429289 31.525126 NaN
-117.358579 31.595837 NaN
-117.287868 31.666548 NaN
-117.217157 31.737258 NaN
-117.146447 31.807969 NaN
-117.075736 31.878680 NaN
-117.005025 31.949390 NaN
-116.934315 32.020101 NaN
-116.863604 32.090812 NaN
-116.792893 32.161522 83.000000
-116.722183 32.232233 81.500000
-116.651472 32.302944 75.500000
-116.580761 32.373654 73.500000
-116.510051 32.444365 72.000000
-116.439340 32.515076 71.000000
-116.368629 32.585786 70.500000
-116.297918 32.656497 70.000000
-116.227208 32.727208 70.500000
-116.156497 32.797918 71.500000
-116.085786 32.868629 77.500000
-116.015076 32.939340 79.500000
-115.944365 33.010051 NaN
-115.873654 33.080761 44.000000
-115.802944 33.151472 44.000000
-115.732233 33.222183 46.500000
-115.661522 33.292893 48.500000
-115.590812 33.363604 51.500000
-115.520101 33.434315 53.500000
-115.449390 33.505025 55.000000
-115.378680 33.575736 80.500000
-115.307969 33.646447 80.500000
-115.237258 33.717157 80.000000
-115.166548 33.787868 79.500000
-115.095837 33.858579 78.000000
-115.025126 33.929289 76.500000
-114.954416 34.000000 75.000000
-114.883705 34.070711 74.000000
-114.812994 34.141421 72.500000
-114.742284 34.212132 71.500000
-114.671573 34.282843 NaN
-114.600862 34.353553 72.000000
-114.530152 34.424264 72.500000
-114.459441 34.494975 73.000000
-118.065685 31.030152 NaN
-117.994975 31.100862 NaN
-117.924264 31.171573 NaN
-117.853553 31.242284 NaN
-117.782843 31.312994 NaN
-117.712132 31.383705 NaN
-117.641421 31.454416 NaN
-117.570711 31.525126 NaN
-117.500000 31.595837 NaN
-117.429289 31.666548 NaN
-117.358579 31.737258 NaN
-117.287868 31.807969 NaN
-117.217157 31.878680 NaN
-117.146447 31.949390 NaN
-117.075736 32.020101 NaN
-117.005025 32.090812 NaN
-116.934315 32.161522 NaN
-116.863604 32.232233 83.500000
-116.792893 32.302944 82.000000
-116.722183 32.373654 80.000000
-116.651472 32.444365 74.500000
-116.580761 32.515076 73.000000
-116.510051 32.585786 71.500000
-116.439340 32.656497 71.000000
-116.368629 32.727208 70.500000
-116.297918 32.797918 71.000000
-116.227208 32.868629 72.500000
-116.156497 32.939340 74.500000
-116.085786 33.010051 76.500000
-116.015076 33.080761 NaN
-115.944365 33.151472 NaN
-115.873654 33.222183 45.500000
-115.802944 33.292893 46.500000
-115.732233 33.363604 48.500000
-115.661522 33.434315 58.000000
-115.590812 33.505025 61.500000
-115.520101 33.575736 80.500000
-115.449390 33.646447 80.500000
-115.378680 33.717157 80.500000
-115.307969 33.787868 79.500000
-115.237258 33.858579 56.000000
-115.166548 33.929289 75.000000
-115.095837 34.000000 73.500000
-115.025126 34.070711 71.500000
-114.954416 34.141421 71.000000
-114.883705 34.212132 71.000000
-114.812994 34.282843 71.500000
-114.742284 34.353553 71.500000
-114.671573 34.424264 72.000000
-114.600862 34.494975 72.000000
-114.530152 34.565685 72.500000
-118.136396 31.100862 NaN
-118.065685 31.171573 NaN
-117.994975 31.242284 NaN
-117.924264 31.312994 NaN
-117.853553 31.383705 NaN
-117.782843 31.454416 NaN
-117.712132 31.525126 NaN
-117.641421 31.595837 NaN
-117.570711 31.666548 NaN
-117.500000 31.737258 NaN
-117.429289 31.807969 NaN
-117.358579 31.878680 NaN
-117.287868 31.949390 NaN
-117.217157 32.020101 NaN
-117.146447 32.090812 NaN
-117.075736 32.161522 NaN
-117.005025 32.232233 83.500000
-116.934315 32.302944 83.000000
-116.863604 32.373654 82.000000
-116.792893 32.444365 80.500000
-116.722183 32.515076 78.000000
-116.651472 32.585786 74.500000
-116.580761 32.656497 72.500000
-116.510051 32.727208 71.500000
-116.439340 32.797918 71.000000
-116.368629 32.868629 71.500000
-116.297918 32.939340 73.000000
-116.227208 33.010051 74.000000
-116.156497 33.080761 74.000000
-116.085786 33.151472 NaN
-116.015076 33.222183 NaN
-115.944365 33.292893 NaN
-115.873654 33.363604 49.000000
-115.802944 33.434315 61.000000
-115.732233 33.505025 62.500000
-115.661522 33.575736 62.000000
-115.590812 33.646447 61.500000
-115.520101 33.717157 59.500000
-115.449390 33.787868 56.500000
-115.378680 33.858579 53.500000
-115.307969 33.929289 55.000000
-115.237258 34.000000 59.500000
-115.166548 34.070711 61.000000
-115.095837 34.141421 62.500000
-115.025126 34.212132 67.500000
-114.954416 34.282843 69.500000
-114.883705 34.353553 71.500000
-114.812994 34.424264 71.500000
-114.742284 34.494975 72.000000
-114.671573 34.565685 72.500000
-114.600862 34.636396 73.000000
-118.207107 31.171573 NaN
-118.136396 31.242284 NaN
-118.065685 31.312994 NaN
-117.994975 31.383705 NaN
-117.924264 31.454416 NaN
-117.853553 31.525126 NaN
-117.782843 31.595837 NaN
-117.712132 31.666548 NaN
-117.641421 31.737258 NaN
-117.570711 31.807969 NaN
-117.500000 31.878680 NaN
-117.429289 31.949390 NaN
-117.358579 32.020101 NaN
-117.287868 32.090812 NaN
-117.217157 32.161522 NaN
-117.146447 32.232233 80.500000
-117.075736 32.302944 82.500000
-117.005025 32.373654 82.500000
-116.934315 32.444365 82.000000
-116.863604 32.515076 81.000000
-116.792893 32.585786 78.500000
-116.722183 32.656497 76.500000
-116.651472 32.727208 74.500000
-116.580761 32.797918 72.000000
-116.510051 32.868629 71.500000
-116.439340 32.939340 72.000000
-116.368629 33.010051 73.000000
-116.297918 33.080761 73.500000
-116.227208 33.151472 72.500000
-116.156497 33.222183 NaN
-116.085786 33.292893 NaN
-116.015076 33.363604 NaN
-115.944365 33.434315 61.500000
-115.873654 33.505025 62.000000
-115.802944 33.575736 62.000000
-115.732233 33.646447 61.000000
-115.661522 33.717157 60.500000
-115.590812 33.787868 58.500000
-115.520101 33.858579 56.000000
-115.449390 33.929289 53.500000
-115.378680 34.000000 52.500000
-115.307969 34.070711 60.000000
-115.237258 34.141421 62.000000
-115.166548 34.212132 63.500000
-115.095837 34.282843 67.000000
-115.025126 34.353553 70.000000
-114.954416 34.424264 71.500000
-114.883705 34.494975 72.500000
-114.812994 34.565685 73.000000
-114.742284 34.636396 73.500000
-114.671573 34.707107 74.000000
-118.277817 31.242284 NaN
-118.207107 31.312994 NaN
-118.136396 31.383705 NaN
-118.065685 31.454416 NaN
-117.994975 31.525126 NaN
-117.924264 31.595837 NaN
-117.853553 31.666548 NaN
-117.782843 31.737258 NaN
-117.712132 31.807969 NaN
-117.641421 31.878680 NaN
-117.570711 31.949390 NaN
-117.500000 32.020101 NaN
-117.429289 32.090812 NaN
-117.358579 32.161522 NaN
-117.287868 32.232233 NaN
-117.217157 32.302944 78.000000
-117.146447 32.373654 80.000000
-117.075736 32.444365 81.500000
-117.005025 32.515076 81.500000
-116.934315 32.585786 81.000000
-116.863604 32.656497 79.500000
-116.792893 32.727208 77.000000
-116.722183 32.797918 75.500000
-116.651472 32.868629 74.500000
-116.580761 32.939340 71.500000
-116.510051 33.010051 72.000000
-116.439340 33.080761 73.500000
-116.368629 33.151472 73.000000
-116.297918 33.222183 NaN
-116.227208 33.292893 NaN
-116.156497 33.363604 NaN
-116.085786 33.434315 62.000000
-116.015076 33.505025 61.500000
-115.944365 33.575736 61.000000
-115.873654 33.646447 61.000000
-115.802944 33.717157 60.500000
-115.732233 33.787868 60.000000
-115.661522 33.858579 59.500000
-115.590812 33.929289 59.000000
-115.520101 34.000000 54.000000
-115.449390 34.070711 53.500000
-115.378680 34.141421 60.000000
-115.307969 34.212132 62.000000
-115.237258 34.282843 65.000000
-115.166548 34.353553 67.500000
-115.095837 34.424264 70.000000
-115.025126 34.494975 72.000000
-114.954416 34.565685 74.000000
-114.883705 34.636396 75.500000
-114.812994 34.707107 76.000000
-114.742284 34.777817 76.000000
-118.348528 31.312994 NaN
-118.277817 31.383705 NaN
-118.207107 31.454416 NaN
-118.136396 31.525126 NaN
-118.065685 31.595837 NaN
-117.994975 31.666548 NaN
-117.924264 31.737258 NaN
-117.853553 31.807969 NaN
-117.782843 31.878680 NaN
-117.712132 31.949390 NaN
-117.641421 32.020101 NaN
-117.570711 32.090812 NaN
-117.500000 32.161522 NaN
-117.429289 32.232233 NaN
-117.358579 32.302944 NaN
-117.287868 32.373654 78.000000
-117.217157 32.444365 79.500000
-117.146447 32.515076 81.000000
-117.075736 32.585786 81.500000
-117.005025 32.656497 81.000000
-116.934315 32.727208 80.000000
-116.863604 32.797918 77.500000
-116.792893 32.868629 76.500000
-116.722183 32.939340 NaN
-116.651472 33.010051 NaN
-116.580761 33.080761 NaN
-116.510051 33.151472 73.500000
-116.439340 33.222183 72.500000
-116.368629 33.292893 70.500000
-116.297918 33.363604 67.000000
-116.227208 33.434315 64.500000
-116.156497 33.505025 61.500000
-116.085786 33.575736 61.000000
-116.015076 33.646447 60.500000
-115.944365 33.717157 60.500000
-115.873654 33.787868 60.500000
-115.802944 33.858579 60.500000
-115.732233 33.929289 60.500000
-115.661522 34.000000 61.000000
-115.590812 34.070711 61.000000
-115.520101 34.141421 60.500000
-115.449390 34.212132 60.500000
-115.378680 34.282843 61.500000
-115.307969 34.353553 65.000000
-115.237258 34.424264 67.500000
-115.166548 34.494975 69.500000
-115.095837 34.565685 71.500000
-115.025126 34.636396 74.500000
-114.954416 34.707107 76.000000
-114.883705 34.777817 76.000000
-114.812994 34.848528 76.500000
-118.419239 31.383705 NaN
-118.348528 31.454416 NaN
-118.277817 31.525126 NaN
-118.207107 31.595837 NaN
-118.136396 31.666548 NaN
-118.065685 31.737258 NaN
-117.994975 31.807969 NaN
-117.924264 31.878680 NaN
-117.853553 31.949390 NaN
-117.782843 32.020101 NaN
-117.712132 32.090812 NaN
-117.641421 32.161522 NaN
-117.570711 32.232233 NaN
-117.500000 32.302944 NaN
-117.429289 32.373654 NaN
-117.358579 32.444365 NaN
-117.287868 32.515076 81.500000
-117.217157 32.585786 82.500000
-117.146447 32.656497 82.500000
-117.075736 32.727208 82.500000
-117.005025 32.797918 79.500000
-116.934315 32.868629 NaN
-116.863604 32.939340 NaN
-116.792893 33.010051 NaN
-116.722183 33.080761 NaN
-116.651472 33.151472 NaN
-116.580761 33.222183 NaN
-116.510051 33.292893 72.000000
-116.439340 33.363604 70.000000
-116.368629 33.434315 66.500000
-116.297918 33.505025 64.500000
-116.227208 33.575736 61.500000
-116.156497 33.646447 60.500000
-116.085786 33.717157 60.000000
-116.015076 33.787868 60.000000
-115.944365 33.858579 60.500000
-115.873654 33.929289 61.000000
-115.802944 34.000000 62.000000
-115.732233 34.070711 64.000000
-115.661522 34.141421 64.000000
-115.590812 34.212132 62.500000
-115.520101 34.282843 61.000000
-115.449390 34.353553 59.500000
-115.378680 34.424264 58.000000
-115.307969 34.494975 65.000000
-115.237258 34.565685 68.500000
-115.166548 34.636396 71.000000
-115.095837 34.707107 74.000000
-115.025126 34.777817 75.000000
-114.954416 34.848528 75.500000
-114.883705 34.919239 76.000000
-118.489949 31.454416 NaN
-118.419239 31.525126 NaN
-118.348528 31.595837 NaN
-118.277817 31.666548 NaN
-118.207107 31.737258 NaN
-118.136396 31.807969 NaN
-118.065685 31.878680 NaN
-117.994975 31.949390 NaN
-117.924264 32.020101 NaN
-117.853553 32.090812 NaN
-117.782843 32.161522 NaN
-117.712132 32.232233 NaN
-117.641421 32.302944 NaN
-117.570711 32.373654 NaN
-117.500000 32.444365 NaN
-117.429289 32.515076 NaN
-117.358579 32.585786 83.000000
-117.287868 32.656497 84.000000
-117.217157 32.727208 84.500000
-117.146447 32.797918 84.500000
-117.075736 32.868629 85.500000
-117.005025 32.939340 NaN
-116.934315 33.010051 90.500000
-116.863604 33.080761 NaN
-116.792893 33.151472 NaN
-116.722183 33.222183 NaN
-116.651472 33.292893 NaN
-116.580761 33.363604 71.500000
-116.510051 33.434315 69.500000
-116.439340 33.505025 66.500000
-116.368629 33.575736 65.000000
-116.297918 33.646447 60.000000
-116.227208 33.717157 58.500000
-116.156497 33.787868 59.500000
-116.085786 33.858579 60.500000
-116.015076 33.929289 61.000000
-115.944365 34.000000 62.000000
-115.873654 34.070711 64.000000
-115.802944 34.141421 65.000000
-115.732233 34.212132 66.000000
-115.661522 34.282843 65.500000
-115.590812 34.353553 62.500000
-115.520101 34.424264 58.500000
-115.449390 34.494975 57.500000
-115.378680 34.565685 57.500000
-115.307969 34.636396 57.500000
-115.237258 34.707107 69.000000
-115.166548 34.777817 72.500000
-115.095837 34.848528 74.000000
-115.025126 34.919239 73.500000
-114.954416 34.989949 73.500000
-118.560660 31.525126 NaN
-118.489949 31.595837 NaN
-118.419239 31.666548 NaN
-118.348528 31.737258 NaN
-118.277817 31.807969 NaN
-118.207107 31.878680 NaN
-118.136396 31.949390 NaN
-118.065685 32.020101 NaN
-117.994975 32.090812 NaN
-117.924264 32.161522 NaN
-117.853553 32.232233 NaN
-117.782843 32.302944 NaN
-117.712132 32.373654 NaN
-117.641421 32.444365 NaN
-117.570711 32.515076 NaN
-117.500000 32.585786 NaN
-117.429289 32.656497 NaN
-117.358579 32.727208 85.500000
-117.287868 32.797918 85.500000
-117.217157 32.868629 85.000000
-117.146447 32.939340 70.500000
-117.075736 33.010051 70.000000
-117.005025 33.080761 88.000000
-116.934315 33.151472 NaN
-116.863604 33.222183 NaN
-116.792893 33.292893 NaN
-116.722183 33.363604 NaN
-116.651472 33.434315 70.500000
-116.580761 33.505025 69.500000
-116.510051 33.575736 68.000000
-116.439340 33.646447 68.000000
-116.368629 33.717157 66.500000
-116.297918 33.787868 59.000000
-116.227208 33.858579 60.500000
-116.156497 33.929289 62.000000
-116.085786 34.000000 62.500000
-116.015076 34.070711 64.500000
-115.944365 34.141421 65.500000
-115.873654 34.212132 66.500000
-115.802944 34.282843 66.500000
-115.732233 34.353553 66.000000
-115.661522 34.424264 63.500000
-115.590812 34.494975 59.500000
-115.520101 34.565685 57.500000
-115.449390 34.636396 57.000000
-115.378680 34.707107 55.500000
-115.307969 34.777817 54.500000
-115.237258 34.848528 58.500000
-115.166548 34.919239 70.500000
-115.095837 34.989949 71.000000
-115.025126 35.060660 71.000000
-118.631371 31.595837 NaN
-118.560660 31.666548 NaN
-118.489949 31.737258 NaN
-118.419239 31.807969 NaN
-118.348528 31.878680 NaN
-118.277817 31.949390 NaN
-118.207107 32.020101 NaN
-118.136396 32.090812 NaN
-118.065685 32.161522 NaN
-117.994975 32.232233 NaN
-117.924264 32.302944 NaN
-117.853553 32.373654 NaN
-117.782843 32.444365 NaN
-117.712132 32.515076 NaN
-117.641421 32.585786 NaN
-117.570711 32.656497 NaN
-117.500000 32.727208 NaN
-117.429289 32.797918 87.500000
-117.358579 32.868629 86.000000
-117.287868 32.939340 85.000000
-117.217157 33.010051 69.500000
-117.146447 33.080761 69.500000
-117.075736 33.151472 69.000000
-117.005025 33.222183 69.000000
-116.934315 33.292893 68.500000
-116.863604 33.363604 67.500000
-116.792893 33.434315 66.500000
-116.722183 33.505025 67.000000
-116.651472 33.575736 70.500000
-116.580761 33.646447 71.000000
-116.510051 33.717157 71.000000
-116.439340 33.787868 72.000000
-116.368629 33.858579 73.000000
-116.297918 33.929289 73.500000
-116.227208 34.000000 73.500000
-116.156497 34.070711 66.500000
-116.085786 34.141421 67.500000
-116.015076 34.212132 67.500000
-115.944365 34.282843 67.500000
-115.873654 34.353553 67.500000
-115.802944 34.424264 66.500000
-115.732233 34.494975 65.500000
-115.661522 34.565685 61.000000
-115.590812 34.636396 58.000000
-115.520101 34.707107 57.000000
-115.449390 34.777817 54.500000
-115.378680 34.848528 53.500000
-115.307969 34.919239 53.500000
-115.237258 34.989949 69.000000
-115.166548 35.060660 69.500000
-115.095837 35.131371 70.000000
-118.702082 31.666548 NaN
-118.631371 31.737258 NaN
-118.560660 31.807969 NaN
-118.489949 31.878680 NaN
-118.419239 31.949390 NaN
-118.348528 32.020101 NaN
-118.277817 32.090812 NaN
-118.207107 32.161522 NaN
-118.136396 32.232233 NaN
-118.065685 32.302944 NaN
-117.994975 32.373654 NaN
-117.924264 32.444365 NaN
-117.853553 32.515076 NaN
-117.782843 32.585786 NaN
-117.712132 32.656497 NaN
-117.641421 32.727208 NaN
-117.570711 32.797918 NaN
-117.500000 32.868629 88.000000
-117.429289 32.939340 86.500000
-117.358579 33.010051 70.000000
-117.287868 33.080761 69.000000
-117.217157 33.151472 68.500000
-117.146447 33.222183 68.000000
-117.075736 33.292893 67.500000
-117.005025 33.363604 67.000000
-116.934315 33.434315 66.500000
-116.863604 33.505025 65.500000
-116.792893 33.575736 66.500000
-116.722183 33.646447 71.000000
-116.651472 33.717157 71.500000
-116.580761 33.787868 72.000000
-116.510051 33.858579 72.500000
-116.439340 33.929289 73.000000
-116.368629 34.000000 73.000000
-116.297918 34.070711 73.000000
-116.227208 34.141421 73.500000
-116.156497 34.212132 73.000000
-116.085786 34.282843 71.000000
-116.015076 34.353553 69.500000
-115.944365 34.424264 68.000000
-115.873654 34.494975 67.000000
-115.802944 34.565685 66.000000
-115.732233 34.636396 62.000000
-115.661522 34.707107 58.500000
-115.590812 34.777817 57.500000
-115.520101 34.848528 54.500000
-115.449390 34.919239 53.000000
-115.378680 34.989949 53.000000
-115.307969 35.060660 64.000000
-115.237258 35.131371 64.000000
-115.166548 35.202082 63.000000
-118.772792 31.737258 NaN
-118.702082 31.807969 NaN
-118.631371 31.878680 NaN
-118.560660 31.949390 NaN
-118.489949 32.020101 NaN
-118.419239 32.090812 NaN
-118.348528 32.161522 NaN
-118.277817 32.232233 NaN
-118.207107 32.302944 NaN
-118.136396 32.373654 NaN
-118.065685 32.444365 NaN
-117.994975 32.515076 NaN
-117.924264 32.585786 NaN
-117.853553 32.656497 NaN
-117.782843 32.727208 NaN
-117.712132 32.797918 NaN
-117.641421 32.868629 87.500000
-117.570711 32.939340 88.500000
-117.500000 33.010051 87.000000
-117.429289 33.080761 69.500000
-117.358579 33.151472 69.000000
-117.287868 33.222183 68.000000
-117.217157 33.292893 67.000000
-117.146447 33.363604 66.500000
-117.075736 33.434315 66.000000
-117.005025 33.505025 65.500000
-116.934315 33.575736 65.500000
-116.863604 33.646447 69.000000
-116.792893 33.717157 71.500000
-116.722183 33.787868 72.000000
-116.651472 33.858579 72.000000
-116.580761 33.929289 72.000000
-116.510051 34.000000 72.500000
-116.439340 34.070711 72.500000
-116.368629 34.141421 72.000000
-116.297918 34.212132 73.000000
-116.227208 34.282843 74.000000
-116.156497 34.353553 73.500000
-116.085786 34.424264 72.000000
-116.015076 34.494975 70.000000
-115.944365 34.565685 67.500000
-115.873654 34.636396 66.000000
-115.802944 34.707107 62.000000
-115.732233 34.777817 59.500000
-115.661522 34.848528 58.000000
-115.590812 34.919239 56.000000
-115.520101 34.989949 52.500000
-115.449390 35.060660 64.000000
-115.378680 35.131371 66.000000
-115.307969 35.202082 65.500000
-115.237258 35.272792 64.500000
-118.843503 31.807969 NaN
-118.772792 31.878680 NaN
-118.702082 31.949390 NaN
-118.631371 32.020101 NaN
-118.560660 32.090812 NaN
-118.489949 32.161522 NaN
-118.419239 32.232233 NaN
-118.348528 32.302944 NaN
-118.277817 32.373654 NaN
-118.207107 32.444365 NaN
-118.136396 32.515076 NaN
-118.065685 32.585786 NaN
-117.994975 32.656497 NaN
-117.924264 32.727208 NaN
-117.853553 32.797918 NaN
-117.782843 32.868629 NaN
-117.712132 32.939340 NaN
-117.641421 33.010051 88.000000
-117.570711 33.080761 87.500000
-117.500000 33.151472 69.500000
-117.429289 33.222183 69.000000
-117.358579 33.292893 68.000000
-117.287868 33.363604 67.500000
-117.217157 33.434315 67.000000
-117.146447 33.505025 66.500000
-117.075736 33.575736 65.500000
-117.005025 33.646447 65.000000
-116.934315 33.717157 69.000000
-116.863604 33.787868 71.500000
-116.792893 33.858579 71.500000
-116.722183 33.929289 71.500000
-116.651472 34.000000 71.500000
-116.580761 34.070711 71.000000
-116.510051 34.141421 70.500000
-116.439340 34.212132 70.000000
-116.368629 34.282843 64.000000
-116.297918 34.353553 72.000000
-116.227208 34.424264 73.000000
-116.156497 34.494975 74.000000
-116.085786 34.565685 73.500000
-116.015076 34.636396 68.500000
-115.944365 34.707107 63.000000
-115.873654 34.777817 61.500000
-115.802944 34.848528 60.000000
-115.732233 34.919239 59.000000
-115.661522 34.989949 59.000000
-115.590812 35.060660 63.500000
-115.520101 35.131371 67.000000
-115.449390 35.202082 66.500000
-115.378680 35.272792 66.000000
-115.307969 35.343503 65.000000
-118.914214 31.878680 NaN
-118.843503 31.949390 NaN
-118.772792 32.020101 NaN
-118.702082 32.090812 NaN
-118.631371 32.161522 NaN
-118.560660 32.232233 NaN
-118.489949 32.302944 NaN
-118.419239 32.373654 NaN
-118.348528 32.444365 NaN
-118.277817 32.515076 NaN
-118.207107 32.585786 NaN
-118.136396 32.656497 80.000000
-118.065685 32.727208 NaN
-117.994975 32.797918 NaN
-117.924264 32.868629 NaN
-117.853553 32.939340 NaN
-117.782843 33.010051 NaN
-117.712132 33.080761 NaN
-117.641421 33.151472 88.500000
-117.570711 33.222183 71.000000
-117.500000 33.292893 NaN
-117.429289 33.363604 69.000000
-117.358579 33.434315 69.000000
-117.287868 33.505025 68.000000
-117.217157 33.575736 67.000000
-117.146447 33.646447 66.000000
-117.075736 33.717157 65.000000
-117.005025 33.787868 69.000000
-116.934315 33.858579 70.000000
-116.863604 33.929289 70.500000
-116.792893 34.000000 70.000000
-116.722183 34.070711 69.500000
-116.651472 34.141421 67.000000
-116.580761 34.212132 66.000000
-116.510051 34.282843 63.500000
-116.439340 34.353553 62.000000
-116.368629 34.424264 61.000000
-116.297918 34.494975 60.500000
-116.227208 34.565685 60.500000
-116.156497 34.636396 74.000000
-116.085786 34.707107 59.500000
-116.015076 34.777817 59.500000
-115.944365 34.848528 60.500000
-115.873654 34.919239 60.000000
-115.802944 34.989949 60.000000
-115.732233 35.060660 60.500000
-115.661522 35.131371 62.500000
-115.590812 35.202082 67.500000
-115.520101 35.272792 66.500000
-115.449390 35.343503 66.000000
-115.378680 35.414214 65.500000
-118.984924 31.949390 NaN
-118.914214 32.020101 NaN
-118.843503 32.090812 NaN
-118.772792 32.161522 NaN
-118.702082 32.232233 NaN
-118.631371 32.302944 NaN
-118.560660 32.373654 NaN
-118.489949 32.444365 NaN
-118.419239 32.515076 NaN
-118.348528 32.585786 NaN
-118.277817 32.656497 81.500000
-118.207107 32.727208 80.500000
-118.136396 32.797918 80.000000
-118.065685 32.868629 79.500000
-117.994975 32.939340 NaN
-117.924264 33.010051 NaN
-117.853553 33.080761 NaN
-117.782843 33.151472 72.500000
-117.712132 33.222183 71.000000
-117.641421 33.292893 NaN
-117.570711 33.363604 NaN
-117.500000 33.434315 72.500000
-117.429289 33.505025 73.000000
-117.358579 33.575736 72.500000
-117.287868 33.646447 70.500000
-117.217157 33.717157 70.000000
-117.146447 33.787868 70.000000
-117.075736 33.858579 70.000000
-117.005025 33.929289 69.000000
-116.934315 34.000000 68.000000
-116.863604 34.070711 66.000000
-116.792893 34.141421 66.000000
-116.722183 34.212132 65.500000
-116.651472 34.282843 64.500000
-116.580761 34.353553 63.000000
-116.510051 34.424264 61.000000
-116.439340 34.494975 60.000000
-116.368629 34.565685 60.000000
-116.297918 34.636396 59.000000
-116.227208 34.707107 57.500000
-116.156497 34.777817 54.000000
-116.085786 34.848528 54.500000
-116.015076 34.919239 58.000000
-115.944365 34.989949 60.500000
-115.873654 35.060660 61.500000
-115.802944 35.131371 62.500000
-115.732233 35.202082 65.500000
-115.661522 35.272792 67.500000
-115.590812 35.343503 67.500000
-115.520101 35.414214 67.000000
-115.449390 35.484924 67.500000
-119.055635 32.020101 NaN
-118.984924 32.090812 NaN
-118.914214 32.161522 NaN
-118.843503 32.232233 NaN
-118.772792 32.302944 NaN
-118.702082 32.373654 NaN
-118.631371 32.444365 NaN
-118.560660 32.515076 NaN
-118.489949 32.585786 91.000000
-118.419239 32.656497 88.000000
-118.348528 32.727208 81.500000
-118.277817 32.797918 80.500000
-118.207107 32.868629 80.000000
-118.136396 32.939340 79.500000
-118.065685 33.010051 79.000000
-117.994975 33.080761 NaN
-117.924264 33.151472 NaN
-117.853553 33.222183 NaN
-117.782843 33.292893 NaN
-117.712132 33.363604 NaN
-117.641421 33.434315 NaN
-117.570711 33.505025 75.500000
-117.500000 33.575736 75.000000
-117.429289 33.646447 74.000000
-117.358579 33.717157 72.500000
-117.287868 33.787868 71.500000
-117.217157 33.858579 71.000000
-117.146447 33.929289 70.500000
-117.075736 34.000000 69.500000
-117.005025 34.070711 66.500000
-116.934315 34.141421 65.500000
-116.863604 34.212132 65.000000
-116.792893 34.282843 64.500000
-116.722183 34.353553 64.000000
-116.651472 34.424264 63.000000
-116.580761 34.494975 62.000000
-116.510051 34.565685 61.000000
-116.439340 34.636396 60.000000
-116.368629 34.707107 58.500000
-116.297918 34.777817 54.000000
-116.227208 34.848528 52.500000
-116.156497 34.919239 53.000000
-116.085786 34.989949 55.000000
-116.015076 35.060660 66.500000
-115.944365 35.131371 66.000000
-115.873654 35.202082 66.500000
-115.802944 35.272792 67.500000
-115.732233 35.343503 68.000000
-115.661522 35.414214 68.500000
-115.590812 35.484924 69.000000
-115.520101 35.555635 69.500000
-119.126346 32.090812 NaN
-119.055635 32.161522 NaN
-118.984924 32.232233 NaN
-118.914214 32.302944 NaN
-118.843503 32.373654 NaN
-118.772792 32.444365 NaN
-118.702082 32.515076 NaN
-118.631371 32.585786 93.000000
-118.560660 32.656497 92.500000
-118.489949 32.727208 90.000000
-118.419239 32.797918 82.000000
-118.348528 32.868629 81.000000
-118.277817 32.939340 80.500000
-118.207107 33.010051 80.000000
-118.136396 33.080761 80.000000
-118.065685 33.151472 NaN
-117.994975 33.222183 NaN
-117.924264 33.292893 NaN
-117.853553 33.363604 NaN
-117.782843 33.434315 NaN
-117.712132 33.505025 NaN
-117.641421 33.575736 76.500000
-117.570711 33.646447 75.500000
-117.500000 33.717157 74.000000
-117.429289 33.787868 72.500000
-117.358579 33.858579 71.500000
-117.287868 33.929289 71.000000
-117.217157 34.000000 70.500000
-117.146447 34.070711 69.500000
-117.075736 34.141421 67.500000
-117.005025 34.212132 65.500000
-116.934315 34.282843 64.500000
-116.863604 34.353553 64.000000
-116.792893 34.424264 64.000000
-116.722183 34.494975 64.000000
-116.651472 34.565685 63.500000
-116.580761 34.636396 62.500000
-116.510051 34.707107 61.500000
-116.439340 34.777817 60.000000
-116.368629 34.848528 53.000000
-116.297918 34.919239 51.500000
-116.227208 34.989949 52.000000
-116.156497 35.060660 70.000000
-116.085786 35.131371 70.500000
-116.015076 35.202082 69.000000
-115.944365 35.272792 68.500000
-115.873654 35.343503 68.500000
-115.802944 35.414214 69.000000
-115.732233 35.484924 69.500000
-115.661522 35.555635 69.500000
-115.590812 35.626346 70.500000
-119.197056 32.161522 NaN
-119.126346 32.232233 NaN
-119.055635 32.302944 NaN
-118.984924 32.373654 NaN
-118.914214 32.444365 NaN
-118.843503 32.515076 NaN
-118.772792 32.585786 93.000000
-118.702082 32.656497 92.000000
-118.631371 32.727208 92.500000
-118.560660 32.797918 92.000000
-118.489949 32.868629 87.000000
-118.419239 32.939340 82.500000
-118.348528 33.010051 82.000000
-118.277817 33.080761 NaN
-118.207107 33.151472 NaN
-118.136396 33.222183 NaN
-118.065685 33.292893 48.000000
-117.994975 33.363604 47.500000
-117.924264 33.434315 49.000000
-117.853553 33.505025 78.000000
-117.782843 33.575736 78.000000
-117.712132 33.646447 77.000000
-117.641421 33.717157 75.500000
-117.570711 33.787868 74.000000
-117.500000 33.858579 72.500000
-117.429289 33.929289 71.500000
-117.358579 34.000000 71.000000
-117.287868 34.070711 70.500000
-117.217157 34.141421 70.000000
-117.146447 34.212132 69.000000
-117.075736 34.282843 67.500000
-117.005025 34.353553 65.000000
-116.934315 34.424264 64.500000
-116.863604 34.494975 64.500000
-116.792893 34.565685 65.500000
-116.722183 34.636396 65.500000
-116.651472 34.707107 65.000000
-116.580761 34.777817 64.000000
-116.510051 34.848528 63.000000
-116.439340 34.919239 52.000000
-116.368629 34.989949 51.500000
-116.297918 35.060660 52.500000
-116.227208 35.131371 71.500000
-116.156497 35.202082 71.500000
-116.085786 35.272792 70.500000
-116.015076 35.343503 69.500000
-115.944365 35.414214 69.500000
-115.873654 35.484924 70.000000
-115.802944 35.555635 70.000000
-115.732233 35.626346 70.500000
-115.661522 35.697056 71.000000
-119.267767 32.232233 NaN
-119.197056 32.302944 NaN
-119.126346 32.373654 NaN
-119.055635 32.444365 NaN
-118.984924 32.515076 NaN
-118.914214 32.585786 NaN
-118.843503 32.656497 92.500000
-118.772792 32.727208 55.000000
-118.702082 32.797918 54.000000
-118.631371 32.868629 93.500000
-118.560660 32.939340 92.000000
-118.489949 33.010051 NaN
-118.419239 33.080761 NaN
-118.348528 33.151472 NaN
-118.277817 33.222183 47.500000
-118.207107 33.292893 47.000000
-118.136396 33.363604 47.000000
-118.065685 33.434315 47.500000
-117.994975 33.505025 48.500000
-117.924264 33.575736 77.000000
-117.853553 33.646447 77.000000
-117.782843 33.717157 76.500000
-117.712132 33.787868 75.000000
-117.641421 33.858579 74.000000
-117.570711 33.929289 72.500000
-117.500000 34.000000 71.500000
-117.429289 34.070711 71.000000
-117.358579 34.141421 71.000000
-117.287868 34.212132 70.500000
-117.217157 34.282843 70.500000
-117.146447 34.353553 70.000000
-117.075736 34.424264 69.000000
-117.005025 34.494975 67.500000
-116.934315 34.565685 68.500000
-116.863604 34.636396 68.000000
-116.792893 34.707107 67.000000
-116.722183 34.777817 66.500000
-116.651472 34.848528 65.500000
-116.580761 34.919239 65.000000
-116.510051 34.989949 65.000000
-116.439340 35.060660 67.000000
-116.368629 35.131371 69.500000
-116.297918 35.202082 71.500000
-116.227208 35.272792 71.500000
-116.156497 35.343503 71.000000
-116.085786 35.414214 70.500000
-116.015076 35.484924 70.000000
-115.944365 35.555635 70.500000
-115.873654 35.626346 71.000000
-115.802944 35.697056 71.000000
-115.732233 35.767767 71.500000
-119.338478 32.302944 NaN
-119.267767 32.373654 NaN
-119.197056 32.444365 NaN
-119.126346 32.515076 NaN
-119.055635 32.585786 NaN
-118.984924 32.656497 NaN
-118.914214 32.727208 62.500000
-118.843503 32.797918 61.000000
-118.772792 32.868629 61.500000
-118.702082 32.939340 93.000000
-118.631371 33.010051 93.000000
-118.560660 33.080761 NaN
-118.489949 33.151472 NaN
-118.419239 33.222183 NaN
-118.348528 33.292893 46.500000
-118.277817 33.363604 46.500000
-118.207107 33.434315 47.000000
-118.136396 33.505025 47.500000
-118.065685 33.575736 49.000000
-117.994975 33.646447 75.500000
-117.924264 33.717157 76.000000
-117.853553 33.787868 75.500000
-117.782843 33.858579 75.000000
-117.712132 33.929289 74.000000
-117.641421 34.000000 73.000000
-117.570711 34.070711 72.500000
-117.500000 34.141421 72.000000
-117.429289 34.212132 71.500000
-117.358579 34.282843 71.500000
-117.287868 34.353553 71.500000
-117.217157 34.424264 72.000000
-117.146447 34.494975 72.000000
-117.075736 34.565685 72.000000
-117.005025 34.636396 70.500000
-116.934315 34.707107 69.000000
-116.863604 34.777817 67.500000
-116.792893 34.848528 66.500000
-116.722183 34.919239 65.500000
-116.651472 34.989949 65.000000
-116.580761 35.060660 64.500000
-116.510051 35.131371 65.500000
-116.439340 35.202082 68.500000
-116.368629 35.272792 70.500000
-116.297918 35.343503 71.000000
-116.227208 35.414214 70.500000
-116.156497 35.484924 70.000000
-116.085786 35.555635 70.000000
-116.015076 35.626346 71.000000
-115.944365 35.697056 71.500000
-115.873654 35.767767 71.500000
-115.802944 35.838478 72.000000
-119.409188 32.373654 NaN
-119.338478 32.444365 NaN
-119.267767 32.515076 NaN
-119.197056 32.585786 NaN
-119.126346 32.656497 NaN
-119.055635 32.727208 NaN
-118.984924 32.797918 63.000000
-118.914214 32.868629 62.500000
-118.843503 32.939340 94.000000
-118.772792 33.010051 95.000000
-118.702082 33.080761 92.500000
-118.631371 33.151472 90.000000
-118.560660 33.222183 55.000000
-118.489949 33.292893 47.500000
-118.419239 33.363604 46.500000
-118.348528 33.434315 46.000000
-118.277817 33.505025 47.000000
-118.207107 33.575736 47.500000
-118.136396 33.646447 NaN
-118.065685 33.717157 75.000000
-117.994975 33.787868 75.000000
-117.924264 33.858579 75.000000
-117.853553 33.929289 74.000000
-117.782843 34.000000 73.500000
-117.712132 34.070711 73.500000
-117.641421 34.141421 73.500000
-117.570711 34.212132 73.500000
-117.500000 34.282843 73.000000
-117.429289 34.353553 73.000000
-117.358579 34.424264 72.500000
-117.287868 34.494975 73.000000
-117.217157 34.565685 73.000000
-117.146447 34.636396 72.000000
-117.075736 34.707107 70.500000
-117.005025 34.777817 69.000000
-116.934315 34.848528 67.500000
-116.863604 34.919239 66.000000
-116.792893 34.989949 64.500000
-116.722183 35.060660 64.000000
-116.651472 35.131371 63.500000
-116.580761 35.202082 63.500000
-116.510051 35.272792 65.000000
-116.439340 35.343503 68.000000
-116.368629 35.414214 69.500000
-116.297918 35.484924 69.000000
-116.227208 35.555635 68.500000
-116.156497 35.626346 69.500000
-116.085786 35.697056 71.000000
-116.015076 35.767767 71.500000
-115.944365 35.838478 72.000000
-115.873654 35.909188 72.000000
-119.479899 32.444365 NaN
-119.409188 32.515076 NaN
-119.338478 32.585786 NaN
-119.267767 32.656497 NaN
-119.197056 32.727208 NaN
-119.126346 32.797918 NaN
-119.055635 32.868629 NaN
-118.984924 32.939340 71.500000
-118.914214 33.010051 95.000000
-118.843503 33.080761 NaN
-118.772792 33.151472 NaN
-118.702082 33.222183 51.000000
-118.631371 33.292893 49.000000
-118.560660 33.363604 46.500000
-118.489949 33.434315 46.500000
-118.419239 33.505025 46.500000
-118.348528 33.575736 46.500000
-118.277817 33.646447 47.500000
-118.207107 33.717157 NaN
-118.136396 33.787868 74.500000
-118.065685 33.858579 74.500000
-117.994975 33.929289 74.000000
-117.924264 34.000000 73.500000
-117.853553 34.070711 73.000000
-117.782843 34.141421 73.500000
-117.712132 34.212132 74.000000
-117.641421 34.282843 74.500000
-117.570711 34.353553 74.000000
-117.500000 34.424264 74.000000
-117.429289 34.494975 73.500000
-117.358579 34.565685 73.000000
-117.287868 34.636396 73.000000
-117.217157 34.707107 72.000000
-117.146447 34.777817 70.500000
-117.075736 34.848528 68.500000
-117.005025 34.919239 66.500000
-116.934315 34.989949 64.500000
-116.863604 35.060660 63.500000
-116.792893 35.131371 63.000000
-116.722183 35.202082 62.500000
-116.651472 35.272792 62.500000
-116.580761 35.343503 63.000000
-116.510051 35.414214 64.000000
-116.439340 35.484924 65.500000
-116.368629 35.555635 65.000000
-116.297918 35.626346 65.500000
-116.227208 35.697056 70.000000
-116.156497 35.767767 71.500000
-116.085786 35.838478 72.500000
-116.015076 35.909188 72.500000
-115.944365 35.979899 72.500000
-119.550610 32.515076 NaN
-119.479899 32.585786 NaN
-119.409188 32.656497 NaN
-119.338478 32.727208 NaN
-119.267767 32.797918 NaN
-119.197056 32.868629 81.000000
-119.126346 32.939340 77.500000
-119.055635 33.010051 75.500000
-118.984924 33.080761 NaN
-118.914214 33.151472 NaN
-118.843503 33.222183 NaN
-118.772792 33.292893 50.500000
-118.702082 33.363604 47.000000
-118.631371 33.434315 46.000000
-118.560660 33.505025 46.000000
-118.489949 33.575736 46.500000
-118.419239 33.646447 47.000000
-118.348528 33.717157 47.500000
-118.277817 33.787868 72.500000
-118.207107 33.858579 74.500000
-118.136396 33.929289 74.000000
-118.065685 34.000000 73.500000
-117.994975 34.070711 73.000000
-117.924264 34.141421 73.000000
-117.853553 34.212132 73.500000
-117.782843 34.282843 74.500000
-117.712132 34.353553 74.500000
-117.641421 34.424264 74.500000
-117.570711 34.494975 74.000000
-117.500000 34.565685 73.500000
-117.429289 34.636396 73.500000
-117.358579 34.707107 73.000000
-117.287868 34.777817 72.000000
-117.217157 34.848528 70.500000
-117.146447 34.919239 67.500000
-117.075736 34.989949 65.000000
-117.005025 35.060660 64.000000
-116.934315 35.131371 63.000000
-116.863604 35.202082 63.000000
-116.792893 35.272792 62.500000
-116.722183 35.343503 62.500000
-116.651472 35.414214 63.000000
-116.580761 35.484924 62.500000
-116.510051 35.555635 62.000000
-116.439340 35.626346 61.000000
-116.368629 35.697056 62.000000
-116.297918 35.767767 71.000000
-116.227208 35.838478 72.000000
-116.156497 35.909188 73.000000
-116.085786 35.979899 73.500000
-116.015076 36.050610 72.500000
-119.621320 32.585786 NaN
-119.550610 32.656497 NaN
-119.479899 32.727208 NaN
-119.409188 32.797918 82.500000
-119.338478 32.868629 83.000000
-119.267767 32.939340 82.000000
-119.197056 33.010051 81.000000
-119.126346 33.080761 NaN
-119.055635 33.151472 NaN
-118.984924 33.222183 NaN
-118.914214 33.292893 NaN
-118.843503 33.363604 50.000000
-118.772792 33.434315 47.000000
-118.702082 33.505025 46.500000
-118.631371 33.575736 46.500000
-118.560660 33.646447 46.500000
-118.489949 33.717157 47.000000
-118.419239 33.787868 48.000000
-118.348528 33.858579 74.000000
-118.277817 33.929289 74.500000
-118.207107 34.000000 74.000000
-118.136396 34.070711 73.500000
-118.065685 34.141421 72.500000
-117.994975 34.212132 72.500000
-117.924264 34.282843 73.500000
-117.853553 34.353553 74.500000
-117.782843 34.424264 75.000000
-117.712132 34.494975 74.500000
-117.641421 34.565685 74.000000
-117.570711 34.636396 73.500000
-117.500000 34.707107 73.500000
-117.429289 34.777817 73.500000
-117.358579 34.848528 73.000000
-117.287868 34.919239 72.000000
-117.217157 34.989949 67.500000
-117.146447 35.060660 64.500000
-117.075736 35.131371 64.000000
-117.005025 35.202082 63.500000
-116.934315 35.272792 63.500000
-116.863604 35.343503 63.500000
-116.792893 35.414214 63.500000
-116.722183 35.484924 64.000000
-116.651472 35.555635 64.000000
-116.580761 35.626346 63.500000
-116.510051 35.697056 62.000000
-116.439340 35.767767 61.000000
-116.368629 35.838478 62.000000
-116.297918 35.909188 72.500000
-116.227208 35.979899 73.000000
-116.156497 36.050610 73.000000
-116.085786 36.121320 72.000000
-119.692031 32.656497 NaN
-119.621320 32.727208 NaN
-119.550610 32.797918 NaN
-119.479899 32.868629 83.000000
-119.409188 32.939340 84.000000
-119.338478 33.010051 84.000000
-119.267767 33.080761 84.000000
-119.197056 33.151472 NaN
-119.126346 33.222183 NaN
-119.055635 33.292893 NaN
-118.984924 33.363604 NaN
-118.914214 33.434315 50.500000
-118.843503 33.505025 48.000000
-118.772792 33.575736 47.500000
-118.702082 33.646447 47.000000
-118.631371 33.717157 47.000000
-118.560660 33.787868 47.000000
-118.489949 33.858579 49.500000
-118.419239 33.929289 76.000000
-118.348528 34.000000 75.000000
-118.277817 34.070711 74.000000
-118.207107 34.141421 73.000000
-118.136396 34.212132 72.000000
-118.065685 34.282843 72.000000
-117.994975 34.353553 73.000000
-117.924264 34.424264 75.000000
-117.853553 34.494975 75.000000
-117.782843 34.565685 74.500000
-117.712132 34.636396 74.000000
-117.641421 34.707107 73.500000
-117.570711 34.777817 73.500000
-117.500000 34.848528 74.000000
-117.429289 34.919239 74.500000
-117.358579 34.989949 74.000000
-117.287868 35.060660 67.000000
-117.217157 35.131371 65.000000
-117.146447 35.202082 65.500000
-117.075736 35.272792 65.500000
-117.005025 35.343503 65.500000
-116.934315 35.414214 65.500000
-116.863604 35.484924 66.000000
-116.792893 35.555635 67.500000
-116.722183 35.626346 67.000000
-116.651472 35.697056 66.000000
-116.580761 35.767767 64.500000
-116.510051 35.838478 62.000000
-116.439340 35.909188 62.000000
-116.368629 35.979899 72.500000
-116.297918 36.050610 73.500000
-116.227208 36.121320 73.500000
-116.156497 36.192031 73.000000
-119.762742 32.727208 NaN
-119.692031 32.797918 NaN
-119.621320 32.868629 84.000000
-119.550610 32.939340 82.500000
-119.479899 33.010051 38.000000
-119.409188 33.080761 82.500000
-119.338478 33.151472 83.000000
-119.267767 33.222183 NaN
-119.197056 33.292893 NaN
-119.126346 33.363604 NaN
-119.055635 33.434315 NaN
-118.984924 33.505025 51.000000
-118.914214 33.575736 49.500000
-118.843503 33.646447 48.500000
-118.772792 33.717157 48.000000
-118.702082 33.787868 48.000000
-118.631371 33.858579 48.000000
-118.560660 33.929289 74.500000
-118.489949 34.000000 76.500000
-118.419239 34.070711 75.000000
-118.348528 34.141421 74.000000
-118.277817 34.212132 73.000000
-118.207107 34.282843 71.500000
-118.136396 34.353553 71.000000
-118.065685 34.424264 73.500000
-117.994975 34.494975 74.500000
-117.924264 34.565685 74.500000
-117.853553 34.636396 74.000000
-117.782843 34.707107 73.500000
-117.712132 34.777817 73.500000
-117.641421 34.848528 74.000000
-117.570711 34.919239 75.000000
-117.500000 34.989949 76.000000
-117.429289 35.060660 76.000000
-117.358579 35.131371 67.500000
-117.287868 35.202082 65.500000
-117.217157 35.272792 67.500000
-117.146447 35.343503 68.000000
-117.075736 35.414214 68.000000
-117.005025 35.484924 69.000000
-116.934315 35.555635 70.500000
-116.863604 35.626346 73.000000
-116.792893 35.697056 73.500000
-116.722183 35.767767 67.000000
-116.651472 35.838478 65.500000
-116.580761 35.909188 63.000000
-116.510051 35.979899 62.000000
-116.439340 36.050610 73.000000
-116.368629 36.121320 74.000000
-116.297918 36.192031 74.000000
-116.227208 36.262742 74.000000
-119.833452 32.797918 NaN
-119.762742 32.868629 86.000000
-119.692031 32.939340 85.500000
-119.621320 33.010051 85.000000
-119.550610 33.080761 NaN
-119.479899 33.151472 43.000000
-119.409188 33.222183 43.000000
-119.338478 33.292893 43.500000
-119.267767 33.363604 NaN
-119.197056 33.434315 NaN
-119.126346 33.505025 NaN
-119.055635 33.575736 51.500000
-118.984924 33.646447 50.500000
-118.914214 33.717157 50.000000
-118.843503 33.787868 49.500000
-118.772792 33.858579 49.500000
-118.702082 33.929289 50.000000
-118.631371 34.000000 75.500000
-118.560660 34.070711 76.000000
-118.489949 34.141421 75.000000
-118.419239 34.212132 73.500000
-118.348528 34.282843 72.500000
-118.277817 34.353553 71.000000
-118.207107 34.424264 70.500000
-118.136396 34.494975 72.000000
-118.065685 34.565685 73.500000
-117.994975 34.636396 73.500000
-117.924264 34.707107 73.500000
-117.853553 34.777817 73.500000
-117.782843 34.848528 73.500000
-117.712132 34.919239 74.000000
-117.641421 34.989949 75.000000
-117.570711 35.060660 75.500000
-117.500000 35.131371 67.000000
-117.429289 35.202082 63.000000
-117.358579 35.272792 65.000000
-117.287868 35.343503 67.500000
-117.217157 35.414214 68.500000
-117.146447 35.484924 69.500000
-117.075736 35.555635 70.500000
-117.005025 35.626346 72.000000
-116.934315 35.697056 73.000000
-116.863604 35.767767 73.500000
-116.792893 35.838478 NaN
-116.722183 35.909188 65.500000
-116.651472 35.979899 63.500000
-116.580761 36.050610 62.500000
-116.510051 36.121320 62.000000
-116.439340 36.192031 73.500000
-116.368629 36.262742 74.000000
-116.297918 36.333452 75.000000
-119.904163 32.868629 NaN
-119.833452 32.939340 86.500000
-119.762742 33.010051 86.000000
-119.692031 33.080761 85.000000
-119.621320 33.151472 83.500000
-119.550610 33.222183 43.000000
-119.479899 33.292893 42.500000
-119.409188 33.363604 43.000000
-119.338478 33.434315 NaN
-119.267767 33.505025 NaN
-119.197056 33.575736 NaN
-119.126346 33.646447 52.000000
-119.055635 33.717157 51.000000
-118.984924 33.787868 51.000000
-118.914214 33.858579 51.000000
-118.843503 33.929289 51.500000
-118.772792 34.000000 53.000000
-118.702082 34.070711 56.500000
-118.631371 34.141421 60.000000
-118.560660 34.212132 62.500000
-118.489949 34.282843 71.000000
-118.419239 34.353553 72.000000
-118.348528 34.424264 71.500000
-118.277817 34.494975 72.000000
-118.207107 34.565685 72.000000
-118.136396 34.636396 73.000000
-118.065685 34.707107 73.500000
-117.994975 34.777817 73.500000
-117.924264 34.848528 73.500000
-117.853553 34.919239 73.500000
-117.782843 34.989949 73.000000
-117.712132 35.060660 72.500000
-117.641421 35.131371 68.000000
-117.570711 35.202082 63.500000
-117.500000 35.272792 63.500000
-117.429289 35.343503 64.500000
-117.358579 35.414214 66.000000
-117.287868 35.484924 68.000000
-117.217157 35.555635 69.000000
-117.146447 35.626346 70.000000
-117.075736 35.697056 71.500000
-117.005025 35.767767 72.500000
-116.934315 35.838478 73.500000
-116.863604 35.909188 72.500000
-116.792893 35.979899 NaN
-116.722183 36.050610 64.000000
-116.651472 36.121320 63.000000
-116.580761 36.192031 62.000000
-116.510051 36.262742 62.000000
-116.439340 36.333452 62.000000
-116.368629 36.404163 NaN
-119.974874 32.939340 NaN
-119.904163 33.010051 86.500000
-119.833452 33.080761 86.500000
-119.762742 33.151472 85.500000
-119.692031 33.222183 84.000000
-119.621320 33.292893 45.000000
-119.550610 33.363604 42.500000
-119.479899 33.434315 43.000000
-119.409188 33.505025 NaN
-119.338478 33.575736 NaN
-119.267767 33.646447 NaN
-119.197056 33.717157 NaN
-119.126346 33.787868 51.000000
-119.055635 33.858579 52.500000
-118.984924 33.929289 53.500000
-118.914214 34.000000 56.000000
-118.843503 34.070711 57.500000
-118.772792 34.141421 58.500000
-118.702082 34.212132 60.000000
-118.631371 34.282843 61.000000
-118.560660 34.353553 63.500000
-118.489949 34.424264 72.000000
-118.419239 34.494975 75.000000
-118.348528 34.565685 75.000000
-118.277817 34.636396 73.500000
-118.207107 34.707107 73.500000
-118.136396 34.777817 73.500000
-118.065685 34.848528 73.500000
-117.994975 34.919239 73.000000
-117.924264 34.989949 73.000000
-117.853553 35.060660 72.000000
-117.782843 35.131371 70.000000
-117.712132 35.202082 66.500000
-117.641421 35.272792 64.500000
-117.570711 35.343503 64.000000
-117.500000 35.414214 64.500000
-117.429289 35.484924 65.500000
-117.358579 35.555635 66.500000
-117.287868 35.626346 67.500000
-117.217157 35.697056 69.000000
-117.146447 35.767767 70.500000
-117.075736 35.838478 72.000000
-117.005025 35.909188 72.500000
-116.934315 35.979899 71.500000
-116.863604 36.050610 NaN
-116.792893 36.121320 NaN
-116.722183 36.192031 63.500000
-116.651472 36.262742 62.500000
-116.580761 36.333452 NaN
-116.510051 36.404163 NaN
-116.439340 36.474874 NaN
-120.045584 33.010051 NaN
-119.974874 33.080761 87.000000
-119.904163 33.151472 86.500000
-119.833452 33.222183 85.500000
-119.762742 33.292893 84.500000
-119.692031 33.363604 NaN
-119.621320 33.434315 NaN
-119.550610 33.505025 42.500000
-119.479899 33.575736 NaN
-119.409188 33.646447 NaN
-119.338478 33.717157 NaN
-119.267767 33.787868 NaN
-119.197056 33.858579 40.500000
-119.126346 33.929289 66.000000
-119.055635 34.000000 67.500000
-118.984924 34.070711 65.500000
-118.914214 34.141421 60.500000
-118.843503 34.212132 59.000000
-118.772792 34.282843 60.000000
-118.702082 34.353553 61.500000
-118.631371 34.424264 63.500000
-118.560660 34.494975 72.500000
-118.489949 34.565685 75.500000
-118.419239 34.636396 76.000000
-118.348528 34.707107 75.500000
-118.277817 34.777817 75.000000
-118.207107 34.848528 74.000000
-118.136396 34.919239 73.500000
-118.065685 34.989949 73.000000
-117.994975 35.060660 72.000000
-117.924264 35.131371 71.000000
-117.853553 35.202082 69.000000
-117.782843 35.272792 66.000000
-117.712132 35.343503 65.000000
-117.641421 35.414214 64.500000
-117.570711 35.484924 64.500000
-117.500000 35.555635 65.000000
-117.429289 35.626346 65.000000
-117.358579 35.697056 65.500000
-117.287868 35.767767 65.500000
-117.217157 35.838478 67.500000
-117.146447 35.909188 70.500000
-117.075736 35.979899 71.500000
-117.005025 36.050610 70.500000
-116.934315 36.121320 NaN
-116.863604 36.192031 NaN
-116.792893 36.262742 NaN
-116.722183 36.333452 NaN
-116.651472 36.404163 NaN
-116.580761 36.474874 NaN
-116.510051 36.545584 NaN
-120.116295 33.080761 NaN
-120.045584 33.151472 NaN
-119.974874 33.222183 86.000000
-119.904163 33.292893 85.000000
-119.833452 33.363604 84.000000
-119.762742 33.434315 NaN
-119.692031 33.505025 NaN
-119.621320 33.575736 NaN
-119.550610 33.646447 NaN
-119.479899 33.717157 NaN
-119.409188 33.787868 NaN
-119.338478 33.858579 67.500000
-119.267767 33.929289 42.500000
-119.197056 34.000000 67.000000
-119.126346 34.070711 67.500000
-119.055635 34.141421 66.000000
-118.984924 34.212132 62.000000
-118.914214 34.282843 60.000000
-118.843503 34.353553 60.500000
-118.772792 34.424264 62.000000
-118.702082 34.494975 63.500000
-118.631371 34.565685 72.000000
-118.560660 34.636396 75.500000
-118.489949 34.707107 76.500000
-118.419239 34.777817 76.000000
-118.348528 34.848528 75.500000
-118.277817 34.919239 74.500000
-118.207107 34.989949 73.500000
-118.136396 35.060660 72.500000
-118.065685 35.131371 71.500000
-117.994975 35.202082 70.500000
-117.924264 35.272792 68.500000
-117.853553 35.343503 65.500000
-117.782843 35.414214 64.500000
-117.712132 35.484924 64.000000
-117.641421 35.555635 64.000000
-117.570711 35.626346 63.500000
-117.500000 35.697056 63.500000
-117.429289 35.767767 63.000000
-117.358579 35.838478 63.000000
-117.287868 35.909188 64.000000
-117.217157 35.979899 66.000000
-117.146447 36.050610 71.000000
-117.075736 36.121320 70.500000
-117.005025 36.192031 NaN
-116.934315 36.262742 NaN
-116.863604 36.333452 NaN
-116.792893 36.404163 NaN
-116.722183 36.474874 NaN
-116.651472 36.545584 NaN
-116.580761 36.616295 NaN
-120.187006 33.151472 NaN
-120.116295 33.222183 NaN
-120.045584 33.292893 NaN
-119.974874 33.363604 85.000000
-119.904163 33.434315 84.000000
-119.833452 33.505025 NaN
-119.762742 33.575736 NaN
-119.692031 33.646447 NaN
-119.621320 33.717157 NaN
-119.550610 33.787868 71.500000
-119.479899 33.858579 70.500000
-119.409188 33.929289 70.000000
-119.338478 34.000000 69.000000
-119.267767 34.070711 68.000000
-119.197056 34.141421 67.500000
-119.126346 34.212132 66.000000
-119.055635 34.282843 63.000000
-118.984924 34.353553 61.000000
-118.914214 34.424264 61.000000
-118.843503 34.494975 62.000000
-118.772792 34.565685 63.500000
-118.702082 34.636396 72.500000
-118.631371 34.707107 76.000000
-118.560660 34.777817 76.500000
-118.489949 34.848528 76.000000
-118.419239 34.919239 75.500000
-118.348528 34.989949 74.500000
-118.277817 35.060660 73.000000
-118.207107 35.131371 72.000000
-118.136396 35.202082 71.500000
-118.065685 35.272792 70.500000
-117.994975 35.343503 68.500000
-117.924264 35.414214 66.000000
-117.853553 35.484924 64.500000
-117.782843 35.555635 64.000000
-117.712132 35.626346 63.000000
-117.641421 35.697056 62.000000
-117.570711 35.767767 61.000000
-117.500000 35.838478 61.000000
-117.429289 35.909188 60.500000
-117.358579 35.979899 60.500000
-117.287868 36.050610 63.500000
-117.217157 36.121320 66.500000
-117.146447 36.192031 67.000000
-117.075736 36.262742 NaN
-117.005025 36.333452 NaN
-116.934315 36.404163 NaN
-116.863604 36.474874 NaN
-116.792893 36.545584 NaN
-116.722183 36.616295 NaN
-116.651472 36.687006 NaN
-120.257716 33.222183 NaN
-120.187006 33.292893 NaN
-120.116295 33.363604 NaN
-120.045584 33.434315 NaN
-119.974874 33.505025 64.500000
-119.904163 33.575736 64.500000
-119.833452 33.646447 NaN
-119.762742 33.717157 79.000000
-119.692031 33.787868 NaN
-119.621320 33.858579 72.000000
-119.550610 33.929289 72.500000
-119.479899 34.000000 70.000000
-119.409188 34.070711 69.000000
-119.338478 34.141421 68.000000
-119.267767 34.212132 67.500000
-119.197056 34.282843 65.500000
-119.126346 34.353553 63.500000
-119.055635 34.424264 62.000000
-118.984924 34.494975 62.000000
-118.914214 34.565685 62.500000
-118.843503 34.636396 63.500000
-118.772792 34.707107 67.000000
-118.702082 34.777817 76.000000
-118.631371 34.848528 76.500000
-118.560660 34.919239 76.000000
-118.489949 34.989949 75.500000
-118.419239 35.060660 74.000000
-118.348528 35.131371 73.000000
-118.277817 35.202082 72.000000
-118.207107 35.272792 71.500000
-118.136396 35.343503 71.000000
-118.065685 35.414214 69.500000
-117.994975 35.484924 66.500000
-117.924264 35.555635 65.000000
-117.853553 35.626346 63.500000
-117.782843 35.697056 62.000000
-117.712132 35.767767 61.000000
-117.641421 35.838478 60.000000
-117.570711 35.909188 59.500000
-117.500000 35.979899 59.500000
-117.429289 36.050610 59.500000
-117.358579 36.121320 60.500000
-117.287868 36.192031 67.000000
-117.217157 36.262742 67.500000
-117.146447 36.333452 NaN
-117.075736 36.404163 NaN
-117.005025 36.474874 NaN
-116.934315 36.545584 NaN
-116.863604 36.616295 NaN
-116.792893 36.687006 NaN
-116.722183 36.757716 NaN
-120.328427 33.292893 NaN
-120.257716 33.363604 NaN
-120.187006 33.434315 NaN
-120.116295 33.505025 NaN
-120.045584 33.575736 NaN
-119.974874 33.646447 64.000000
-119.904163 33.717157 62.500000
-119.833452 33.787868 59.000000
-119.762742 33.858579 NaN
-119.692031 33.929289 62.000000
-119.621320 34.000000 69.500000
-119.550610 34.070711 69.500000
-119.479899 34.141421 69.000000
-119.409188 34.212132 68.500000
-119.338478 34.282843 67.500000
-119.267767 34.353553 66.000000
-119.197056 34.424264 64.000000
-119.126346 34.494975 63.000000
-119.055635 34.565685 62.500000
-118.984924 34.636396 63.000000
-118.914214 34.707107 64.000000
-118.843503 34.777817 67.000000
-118.772792 34.848528 76.000000
-118.702082 34.919239 76.500000
-118.631371 34.989949 76.000000
-118.560660 35.060660 75.000000
-118.489949 35.131371 73.500000
-118.419239 35.202082 72.500000
-118.348528 35.272792 72.000000
-118.277817 35.343503 72.000000
-118.207107 35.414214 71.500000
-118.136396 35.484924 71.000000
-118.065685 35.555635 67.500000
-117.994975 35.626346 65.500000
-117.924264 35.697056 62.500000
-117.853553 35.767767 61.500000
-117.782843 35.838478 60.500000
-117.712132 35.909188 60.000000
-117.641421 35.979899 59.500000
-117.570711 36.050610 59.500000
-117.500000 36.121320 60.000000
-117.429289 36.192031 57.500000
-117.358579 36.262742 73.500000
-117.287868 36.333452 NaN
-117.217157 36.404163 NaN
-117.146447 36.474874 NaN
-117.075736 36.545584 NaN
-117.005025 36.616295 NaN
-116.934315 36.687006 NaN
-116.863604 36.757716 NaN
-116.792893 36.828427 NaN
-120.399138 33.363604 NaN
-120.328427 33.434315 NaN
-120.257716 33.505025 NaN
-120.187006 33.575736 NaN
-120.116295 33.646447 NaN
-120.045584 33.717157 61.500000
-119.974874 33.787868 60.500000
-119.904163 33.858579 59.000000
-119.833452 33.929289 NaN
-119.762742 34.000000 64.000000
-119.692031 34.070711 66.500000
-119.621320 34.141421 68.500000
-119.550610 34.212132 69.000000
-119.479899 34.282843 69.000000
-119.409188 34.353553 68.500000
-119.338478 34.424264 66.500000
-119.267767 34.494975 65.000000
-119.197056 34.565685 64.000000
-119.126346 34.636396 63.500000
-119.055635 34.707107 64.000000
-118.984924 34.777817 65.000000
-118.914214 34.848528 69.500000
-118.843503 34.919239 77.500000
-118.772792 34.989949 75.500000
-118.702082 35.060660 75.500000
-118.631371 35.131371 75.000000
-118.560660 35.202082 73.500000
-118.489949 35.272792 72.500000
-118.419239 35.343503 72.500000
-118.348528 35.414214 72.500000
-118.277817 35.484924 72.000000
-118.207107 35.555635 71.000000
-118.136396 35.626346 66.000000
-118.065685 35.697056 63.000000
-117.994975 35.767767 62.000000
-117.924264 35.838478 61.500000
-117.853553 35.909188 60.500000
-117.782843 35.979899 60.500000
-117.712132 36.050610 61.000000
-117.641421 36.121320 61.500000
-117.570711 36.192031 61.500000
-117.500000 36.262742 57.000000
-117.429289 36.333452 73.500000
-117.358579 36.404163 NaN
-117.287868 36.474874 NaN
-117.217157 36.545584 NaN
-117.146447 36.616295 NaN
-117.075736 36.687006 NaN
-117.005025 36.757716 NaN
-116.934315 36.828427 NaN
-116.863604 36.899138 NaN
-120.469848 33.434315 NaN
-120.399138 33.505025 NaN
-120.328427 33.575736 NaN
-120.257716 33.646447 NaN
-120.187006 33.717157 NaN
-120.116295 33.787868 NaN
-120.045584 33.858579 60.500000
-119.974874 33.929289 61.000000
-119.904163 34.000000 62.500000
-119.833452 34.070711 63.500000
-119.762742 34.141421 65.500000
-119.692031 34.212132 67.500000
-119.621320 34.282843 69.000000
-119.550610 34.353553 69.500000
-119.479899 34.424264 69.500000
-119.409188 34.494975 68.000000
-119.338478 34.565685 66.000000
-119.267767 34.636396 64.500000
-119.197056 34.707107 64.500000
-119.126346 34.777817 65.000000
-119.055635 34.848528 67.500000
-118.984924 34.919239 71.000000
-118.914214 34.989949 72.000000
-118.843503 35.060660 73.000000
-118.772792 35.131371 74.500000
-118.702082 35.202082 74.500000
-118.631371 35.272792 73.000000
-118.560660 35.343503 72.500000
-118.489949 35.414214 72.500000
-118.419239 35.484924 72.500000
-118.348528 35.555635 71.500000
-118.277817 35.626346 66.500000
-118.207107 35.697056 62.500000
-118.136396 35.767767 62.000000
-118.065685 35.838478 62.000000
-117.994975 35.909188 61.000000
-117.924264 35.979899 60.500000
-117.853553 36.050610 60.500000
-117.782843 36.121320 62.000000
-117.712132 36.192031 63.000000
-117.641421 36.262742 63.000000
-117.570711 36.333452 56.500000
-117.500000 36.404163 NaN
-117.429289 36.474874 NaN
-117.358579 36.545584 NaN
-117.287868 36.616295 NaN
-117.217157 36.687006 NaN
-117.146447 36.757716 NaN
-117.075736 36.828427 NaN
-117.005025 36.899138 NaN
-116.934315 36.969848 NaN
-120.540559 33.505025 NaN
-120.469848 33.575736 NaN
-120.399138 33.646447 NaN
-120.328427 33.717157 NaN
-120.257716 33.787868 NaN
-120.187006 33.858579 NaN
-120.116295 33.929289 61.500000
-120.045584 34.000000 61.000000
-119.974874 34.070711 62.000000
-119.904163 34.141421 63.500000
-119.833452 34.212132 65.000000
-119.762742 34.282843 67.000000
-119.692031 34.353553 69.500000
-119.621320 34.424264 70.500000
-119.550610 34.494975 70.000000
-119.479899 34.565685 68.500000
-119.409188 34.636396 66.500000
-119.338478 34.707107 65.000000
-119.267767 34.777817 64.500000
-119.197056 34.848528 65.000000
-119.126346 34.919239 67.000000
-119.055635 34.989949 71.000000
-118.984924 35.060660 72.000000
-118.914214 35.131371 72.000000
-118.843503 35.202082 72.000000
-118.772792 35.272792 72.000000
-118.702082 35.343503 71.500000
-118.631371 35.414214 71.500000
-118.560660 35.484924 72.500000
-118.489949 35.555635 72.500000
-118.419239 35.626346 56.500000
-118.348528 35.697056 55.500000
-118.277817 35.767767 61.500000
-118.207107 35.838478 61.500000
-118.136396 35.909188 61.500000
-118.065685 35.979899 60.500000
-117.994975 36.050610 60.000000
-117.924264 36.121320 60.500000
-117.853553 36.192031 62.000000
-117.782843 36.262742 63.000000
-117.712132 36.333452 63.000000
-117.641421 36.404163 NaN
-117.570711 36.474874 NaN
-117.500000 36.545584 NaN
-117.429289 36.616295 NaN
-117.358579 36.687006 NaN
-117.287868 36.757716 NaN
-117.217157 36.828427 NaN
-117.146447 36.899138 NaN
-117.075736 36.969848 NaN
-117.005025 37.040559 NaN
-120.611270 33.575736 NaN
-120.540559 33.646447 NaN
-120.469848 33.717157 NaN
-120.399138 33.787868 NaN
-120.328427 33.858579 NaN
-120.257716 33.929289 NaN
-120.187006 34.000000 NaN
-120.116295 34.070711 56.000000
-120.045584 34.141421 61.000000
-119.974874 34.212132 64.000000
-119.904163 34.282843 66.000000
-119.833452 34.353553 67.000000
-119.762742 34.424264 70.000000
-119.692031 34.494975 70.500000
-119.621320 34.565685 70.000000
-119.550610 34.636396 67.500000
-119.479899 34.707107 66.000000
-119.409188 34.777817 64.500000
-119.338478 34.848528 63.500000
-119.267767 34.919239 63.500000
-119.197056 34.989949 64.500000
-119.126346 35.060660 70.500000
-119.055635 35.131371 71.500000
-118.984924 35.202082 72.000000
-118.914214 35.272792 72.000000
-118.843503 35.343503 71.000000
-118.772792 35.414214 70.500000
-118.702082 35.484924 69.500000
-118.631371 35.555635 67.500000
-118.560660 35.626346 60.500000
-118.489949 35.697056 57.000000
-118.419239 35.767767 56.500000
-118.348528 35.838478 56.500000
-118.277817 35.909188 61.000000
-118.207107 35.979899 60.500000
-118.136396 36.050610 60.000000
-118.065685 36.121320 59.500000
-117.994975 36.192031 60.500000
-117.924264 36.262742 61.500000
-117.853553 36.333452 66.000000
-117.782843 36.404163 NaN
-117.712132 36.474874 NaN
-117.641421 36.545584 NaN
-117.570711 36.616295 NaN
-117.500000 36.687006 NaN
-117.429289 36.757716 NaN
-117.358579 36.828427 NaN
-117.287868 36.899138 NaN
-117.217157 36.969848 NaN
-117.146447 37.040559 NaN
-117.075736 37.111270 NaN
-120.681981 33.646447 NaN
-120.611270 33.717157 NaN
-120.540559 33.787868 NaN
-120.469848 33.858579 NaN
-120.399138 33.929289 NaN
-120.328427 34.000000 NaN
-120.257716 34.070711 NaN
-120.187006 34.141421 54.500000
-120.116295 34.212132 53.500000
-120.045584 34.282843 65.500000
-119.974874 34.353553 94.000000
-119.904163 34.424264 69.000000
-119.833452 34.494975 70.000000
-119.762742 34.565685 70.000000
-119.692031 34.636396 67.500000
-119.621320 34.707107 66.500000
-119.550610 34.777817 64.500000
-119.479899 34.848528 62.500000
-119.409188 34.919239 62.000000
-119.338478 34.989949 62.000000
-119.267767 35.060660 62.500000
-119.197056 35.131371 66.000000
-119.126346 35.202082 71.000000
-119.055635 35.272792 72.500000
-118.984924 35.343503 72.500000
-118.914214 35.414214 71.500000
-118.843503 35.484924 67.500000
-118.772792 35.555635 68.500000
-118.702082 35.626346 65.000000
-118.631371 35.697056 61.500000
-118.560660 35.767767 58.500000
-118.489949 35.838478 57.500000
-118.419239 35.909188 57.500000
-118.348528 35.979899 59.500000
-118.277817 36.050610 59.000000
-118.207107 36.121320 59.500000
-118.136396 36.192031 60.000000
-118.065685 36.262742 60.500000
-117.994975 36.333452 65.500000
-117.924264 36.404163 67.500000
-117.853553 36.474874 NaN
-117.782843 36.545584 NaN
-117.712132 36.616295 NaN
-117.641421 36.687006 NaN
-117.570711 36.757716 NaN
-117.500000 36.828427 NaN
-117.429289 36.899138 NaN
-117.358579 36.969848 NaN
-117.287868 37.040559 NaN
-117.217157 37.111270 NaN
-117.146447 37.181981 NaN
-120.752691 33.717157 NaN
-120.681981 33.787868 NaN
-120.611270 33.858579 NaN
-120.540559 33.929289 NaN
-120.469848 34.000000 NaN
-120.399138 34.070711 NaN
-120.328427 34.141421 57.000000
-120.257716 34.212132 55.000000
-120.187006 34.282843 NaN
-120.116295 34.353553 NaN
-120.045584 34.424264 NaN
-119.974874 34.494975 NaN
-119.904163 34.565685 67.500000
-119.833452 34.636396 66.500000
-119.762742 34.707107 66.000000
-119.692031 34.777817 65.000000
-119.621320 34.848528 62.500000
-119.550610 34.919239 61.500000
-119.479899 34.989949 61.000000
-119.409188 35.060660 61.000000
-119.338478 35.131371 60.500000
-119.267767 35.202082 59.500000
-119.197056 35.272792 67.000000
-119.126346 35.343503 70.500000
-119.055635 35.414214 72.000000
-118.984924 35.484924 70.500000
-118.914214 35.555635 70.500000
-118.843503 35.626346 69.000000
-118.772792 35.697056 67.000000
-118.702082 35.767767 63.500000
-118.631371 35.838478 61.000000
-118.560660 35.909188 NaN
-118.489949 35.979899 NaN
-118.419239 36.050610 NaN
-118.348528 36.121320 NaN
-118.277817 36.192031 60.000000
-118.207107 36.262742 62.000000
-118.136396 36.333452 64.500000
-118.065685 36.404163 81.000000
-117.994975 36.474874 NaN
-117.924264 36.545584 NaN
-117.853553 36.616295 NaN
-117.782843 36.687006 NaN
-117.712132 36.757716 NaN
-117.641421 36.828427 NaN
-117.570711 36.899138 NaN
-117.500000 36.969848 NaN
-117.429289 37.040559 NaN
-117.358579 37.111270 NaN
-117.287868 37.181981 NaN
-117.217157 37.252691 NaN
-120.823402 33.787868 NaN
-120.752691 33.858579 NaN
-120.681981 33.929289 NaN
-120.611270 34.000000 NaN
-120.540559 34.070711 NaN
-120.469848 34.141421 84.500000
-120.399138 34.212132 85.500000
-120.328427 34.282843 NaN
-120.257716 34.353553 NaN
-120.187006 34.424264 NaN
-120.116295 34.494975 NaN
-120.045584 34.565685 NaN
-119.974874 34.636396 91.500000
-119.904163 34.707107 66.000000
-119.833452 34.777817 64.500000
-119.762742 34.848528 63.000000
-119.692031 34.919239 62.000000
-119.621320 34.989949 60.500000
-119.550610 35.060660 60.000000
-119.479899 35.131371 60.000000
-119.409188 35.202082 59.500000
-119.338478 35.272792 59.000000
-119.267767 35.343503 58.000000
-119.197056 35.414214 56.500000
-119.126346 35.484924 70.500000
-119.055635 35.555635 70.500000
-118.984924 35.626346 71.500000
-118.914214 35.697056 70.000000
-118.843503 35.767767 80.500000
-118.772792 35.838478 80.000000
-118.702082 35.909188 66.000000
-118.631371 35.979899 NaN
-118.560660 36.050610 NaN
-118.489949 36.121320 NaN
-118.419239 36.192031 NaN
-118.348528 36.262742 NaN
-118.277817 36.333452 NaN
-118.207107 36.404163 NaN
-118.136396 36.474874 NaN
-118.065685 36.545584 NaN
-117.994975 36.616295 NaN
-117.924264 36.687006 NaN
-117.853553 36.757716 NaN
-117.782843 36.828427 NaN
-117.712132 36.899138 NaN
-117.641421 36.969848 NaN
-117.570711 37.040559 NaN
-117.500000 37.111270 NaN
-117.429289 37.181981 NaN
-117.358579 37.252691 NaN
-117.287868 37.323402 NaN
-120.894113 33.858579 NaN
-120.823402 33.929289 NaN
-120.752691 34.000000 NaN
-120.681981 34.070711 NaN
-120.611270 34.141421 84.500000
-120.540559 34.212132 85.000000
-120.469848 34.282843 84.000000
-120.399138 34.353553 82.000000
-120.328427 34.424264 NaN
-120.257716 34.494975 NaN
-120.187006 34.565685 NaN
-120.116295 34.636396 92.500000
-120.045584 34.707107 92.500000
-119.974874 34.777817 91.000000
-119.904163 34.848528 66.000000
-119.833452 34.919239 62.500000
-119.762742 34.989949 61.000000
-119.692031 35.060660 59.500000
-119.621320 35.131371 59.500000
-119.550610 35.202082 59.500000
-119.479899 35.272792 59.000000
-119.409188 35.343503 58.500000
-119.338478 35.414214 57.000000
-119.267767 35.484924 54.500000
-119.197056 35.555635 54.000000
-119.126346 35.626346 71.500000
-119.055635 35.697056 71.500000
-118.984924 35.767767 82.000000
-118.914214 35.838478 82.000000
-118.843503 35.909188 82.500000
-118.772792 35.979899 84.000000
-118.702082 36.050610 86.000000
-118.631371 36.121320 NaN
-118.560660 36.192031 NaN
-118.489949 36.262742 NaN
-118.419239 36.333452 NaN
-118.348528 36.404163 NaN
-118.277817 36.474874 NaN
-118.207107 36.545584 NaN
-118.136396 36.616295 NaN
-118.065685 36.687006 NaN
-117.994975 36.757716 NaN
-117.924264 36.828427 NaN
-117.853553 36.899138 NaN
-117.782843 36.969848 NaN
-117.712132 37.040559 NaN
-117.641421 37.111270 NaN
-117.570711 37.181981 NaN
-117.500000 37.252691 NaN
-117.429289 37.323402 NaN
-117.358579 37.394113 NaN
-120.964823 33.929289 NaN
-120.894113 34.000000 NaN
-120.823402 34.070711 NaN
-120.752691 34.141421 NaN
-120.681981 34.212132 84.500000
-120.611270 34.282843 84.500000
-120.540559 34.353553 83.500000
-120.469848 34.424264 82.000000
-120.399138 34.494975 81.000000
-120.328427 34.565685 NaN
-120.257716 34.636396 90.500000
-120.187006 34.707107 92.500000
-120.116295 34.777817 93.000000
-120.045584 34.848528 92.500000
-119.974874 34.919239 91.000000
-119.904163 34.989949 67.000000
-119.833452 35.060660 62.000000
-119.762742 35.131371 59.500000
-119.692031 35.202082 59.000000
-119.621320 35.272792 58.500000
-119.550610 35.343503 58.500000
-119.479899 35.414214 57.500000
-119.409188 35.484924 57.000000
-119.338478 35.555635 54.500000
-119.267767 35.626346 53.500000
-119.197056 35.697056 72.000000
-119.126346 35.767767 43.500000
-119.055635 35.838478 82.500000
-118.984924 35.909188 82.500000
-118.914214 35.979899 83.000000
-118.843503 36.050610 84.500000
-118.772792 36.121320 NaN
-118.702082 36.192031 NaN
-118.631371 36.262742 NaN
-118.560660 36.333452 NaN
-118.489949 36.404163 NaN
-118.419239 36.474874 NaN
-118.348528 36.545584 NaN
-118.277817 36.616295 NaN
-118.207107 36.687006 NaN
-118.136396 36.757716 NaN
-118.065685 36.828427 NaN
-117.994975 36.899138 NaN
-117.924264 36.969848 NaN
-117.853553 37.040559 NaN
-117.782843 37.111270 NaN
-117.712132 37.181981 NaN
-117.641421 37.252691 NaN
-117.570711 37.323402 NaN
-117.500000 37.394113 NaN
-117.429289 37.464823 NaN
-121.035534 34.000000 NaN
-120.964823 34.070711 NaN
-120.894113 34.141421 NaN
-120.823402 34.212132 82.500000
-120.752691 34.282843 83.500000
-120.681981 34.353553 84.500000
-120.611270 34.424264 83.000000
-120.540559 34.494975 82.000000
-120.469848 34.565685 80.500000
-120.399138 34.636396 80.000000
-120.328427 34.707107 90.500000
-120.257716 34.777817 93.000000
-120.187006 34.848528 93.500000
-120.116295 34.919239 93.000000
-120.045584 34.989949 92.500000
-119.974874 35.060660 73.500000
-119.904163 35.131371 67.500000
-119.833452 35.202082 NaN
-119.762742 35.272792 59.000000
-119.692031 35.343503 58.000000
-119.621320 35.414214 57.500000
-119.550610 35.484924 57.000000
-119.479899 35.555635 NaN
-119.409188 35.626346 54.500000
-119.338478 35.697056 54.000000
-119.267767 35.767767 NaN
-119.197056 35.838478 NaN
-119.126346 35.909188 NaN
-119.055635 35.979899 NaN
-118.984924 36.050610 83.000000
-118.914214 36.121320 NaN
-118.843503 36.192031 NaN
-118.772792 36.262742 NaN
-118.702082 36.333452 NaN
-118.631371 36.404163 NaN
-118.560660 36.474874 NaN
-118.489949 36.545584 NaN
-118.419239 36.616295 NaN
-118.348528 36.687006 NaN
-118.277817 36.757716 NaN
-118.207107 36.828427 NaN
-118.136396 36.899138 NaN
-118.065685 36.969848 NaN
-117.994975 37.040559 NaN
-117.924264 37.111270 NaN
-117.853553 37.181981 NaN
-117.782843 37.252691 NaN
-117.712132 37.323402 NaN
-117.641421 37.394113 NaN
-117.570711 37.464823 NaN
-117.500000 37.535534 NaN
-121.106245 34.070711 NaN
-121.035534 34.141421 NaN
-120.964823 34.212132 NaN
-120.894113 34.282843 82.500000
-120.823402 34.353553 82.500000
-120.752691 34.424264 84.000000
-120.681981 34.494975 83.000000
-120.611270 34.565685 82.000000
-120.540559 34.636396 81.500000
-120.469848 34.707107 78.000000
-120.399138 34.777817 NaN
-120.328427 34.848528 NaN
-120.257716 34.919239 NaN
-120.187006 34.989949 NaN
-120.116295 35.060660 NaN
-120.045584 35.131371 NaN
-119.974874 35.202082 NaN
-119.904163 35.272792 NaN
-119.833452 35.343503 59.000000
-119.762742 35.414214 57.500000
-119.692031 35.484924 57.500000
-119.621320 35.555635 NaN
-119.550610 35.626346 NaN
-119.479899 35.697056 55.500000
-119.409188 35.767767 NaN
-119.338478 35.838478 NaN
-119.267767 35.909188 NaN
-119.197056 35.979899 NaN
-119.126346 36.050610 NaN
-119.055635 36.121320 NaN
-118.984924 36.192031 NaN
-118.914214 36.262742 NaN
-118.843503 36.333452 NaN
-118.772792 36.404163 NaN
-118.702082 36.474874 NaN
-118.631371 36.545584 NaN
-118.560660 36.616295 NaN
-118.489949 36.687006 NaN
-118.419239 36.757716 NaN
-118.348528 36.828427 NaN
-118.277817 36.899138 NaN
-118.207107 36.969848 NaN
-118.136396 37.040559 NaN
-118.065685 37.111270 NaN
-117.994975 37.181981 NaN
-117.924264 37.252691 NaN
-117.853553 37.323402 NaN
-117.782843 37.394113 NaN
-117.712132 37.464823 NaN
-117.641421 37.535534 NaN
-117.570711 37.606245 NaN
-121.176955 34.141421 NaN
-121.106245 34.212132 NaN
-121.035534 34.282843 NaN
-120.964823 34.353553 NaN
-120.894113 34.424264 82.500000
-120.823402 34.494975 82.500000
-120.752691 34.565685 NaN
-120.681981 34.636396 NaN
-120.611270 34.707107 79.500000
-120.540559 34.777817 77.000000
-120.469848 34.848528 76.500000
-120.399138 34.919239 NaN
-120.328427 34.989949 NaN
-120.257716 35.060660 NaN
-120.187006 35.131371 NaN
-120.116295 35.202082 NaN
-120.045584 35.272792 NaN
-119.974874 35.343503 NaN
-119.904163 35.414214 NaN
-119.833452 35.484924 58.000000
-119.762742 35.555635 NaN
-119.692031 35.626346 NaN
-119.621320 35.697056 NaN
-119.550610 35.767767 NaN
-119.479899 35.838478 NaN
-119.409188 35.909188 NaN
-119.338478 35.979899 NaN
-119.267767 36.050610 NaN
-119.197056 36.121320 NaN
-119.126346 36.192031 NaN
-119.055635 36.262742 NaN
-118.984924 36.333452 NaN
-118.914214 36.404163 NaN
-118.843503 36.474874 NaN
-118.772792 36.545584 NaN
-118.702082 36.616295 NaN
-118.631371 36.687006 NaN
-118.560660 36.757716 NaN
-118.489949 36.828427 NaN
-118.419239 36.899138 NaN
-118.348528 36.969848 NaN
-118.277817 37.040559 NaN
-118.207107 37.111270 NaN
-118.136396 37.181981 NaN
-118.065685 37.252691 NaN
-117.994975 37.323402 NaN
-117.924264 37.394113 NaN
-117.853553 37.464823 NaN
-117.782843 37.535534 NaN
-117.712132 37.606245 NaN
-117.641421 37.676955 NaN
-121.247666 34.212132 NaN
-121.176955 34.282843 NaN
-121.106245 34.353553 NaN
-121.035534 34.424264 NaN
-120.964823 34.494975 80.000000
-120.894113 34.565685 NaN
-120.823402 34.636396 NaN
-120.752691 34.707107 NaN
-120.681981 34.777817 NaN
-120.611270 34.848528 77.000000
-120.540559 34.919239 75.500000
-120.469848 34.989949 75.000000
-120.399138 35.060660 NaN
-120.328427 35.131371 NaN
-120.257716 35.202082 NaN
-120.187006 35.272792 NaN
-120.116295 35.343503 NaN
-120.045584 35.414214 NaN
-119.974874 35.484924 NaN
-119.904163 35.555635 NaN
-119.833452 35.626346 NaN
-119.762742 35.697056 NaN
-119.692031 35.767767 NaN
-119.621320 35.838478 NaN
-119.550610 35.909188 NaN
-119.479899 35.979899 NaN
-119.409188 36.050610 NaN
-119.338478 36.121320 NaN
-119.267767 36.192031 NaN
-119.197056 36.262742 NaN
-119.126346 36.333452 NaN
-119.055635 36.404163 NaN
-118.984924 36.474874 NaN
-118.914214 36.545584 NaN
-118.843503 36.616295 NaN
-118.772792 36.687006 NaN
-118.702082 36.757716 NaN
-118.631371 36.828427 NaN
-118.560660 36.899138 NaN
-118.489949 36.969848 NaN
-118.419239 37.040559 NaN
-118.348528 37.111270 NaN
-118.277817 37.181981 NaN
-118.207107 37.252691 NaN
-118.136396 37.323402 NaN
-118.065685 37.394113 NaN
-117.994975 37.464823 NaN
-117.924264 37.535534 NaN
-117.853553 37.606245 NaN
-117.782843 37.676955 NaN
-117.712132 37.747666 NaN
-121.318377 34.282843 NaN
-121.247666 34.353553 NaN
-121.176955 34.424264 NaN
-121.106245 34.494975 NaN
-121.035534 34.565685 NaN
-120.964823 34.636396 79.500000
-120.894113 34.707107 NaN
-120.823402 34.777817 NaN
-120.752691 34.848528 NaN
-120.681981 34.919239 NaN
-120.611270 34.989949 NaN
-120.540559 35.060660 NaN
-120.469848 35.131371 NaN
-120.399138 35.202082 NaN
-120.328427 35.272792 NaN
-120.257716 35.343503 NaN
-120.187006 35.414214 NaN
-120.116295 35.484924 NaN
-120.045584 35.555635 NaN
-119.974874 35.626346 NaN
-119.904163 35.697056 NaN
-119.833452 35.767767 NaN
-119.762742 35.838478 NaN
-119.692031 35.909188 NaN
-119.621320 35.979899 NaN
-119.550610 36.050610 NaN
-119.479899 36.121320 NaN
-119.409188 36.192031 NaN
-119.338478 36.262742 NaN
-119.267767 36.333452 NaN
-119.197056 36.404163 NaN
-119.126346 36.474874 NaN
-119.055635 36.545584 NaN
-118.984924 36.616295 NaN
-118.914214 36.687006 NaN
-118.843503 36.757716 NaN
-118.772792 36.828427 NaN
-118.702082 36.899138 NaN
-118.631371 36.969848 NaN
-118.560660 37.040559 NaN
-118.489949 37.111270 NaN
-118.419239 37.181981 NaN
-118.348528 37.252691 NaN
-118.277817 37.323402 NaN
-118.207107 37.394113 NaN
-118.136396 37.464823 NaN
-118.065685 37.535534 NaN
-117.994975 37.606245 NaN
-117.924264 37.676955 NaN
-117.853553 37.747666 NaN
-117.782843 37.818377 NaN
-121.389087 34.353553 NaN
-121.318377 34.424264 NaN
-121.247666 34.494975 NaN
-121.176955 34.565685 NaN
-121.106245 34.636396 NaN
-121.035534 34.707107 NaN
-120.964823 34.777817 NaN
-120.894113 34.848528 NaN
-120.823402 34.919239 NaN
-120.752691 34.989949 NaN
-120.681981 35.060660 NaN
-120.611270 35.131371 NaN
-120.540559 35.202082 NaN
-120.469848 35.272792 NaN
-120.399138 35.343503 NaN
-120.328427 35.414214 NaN
-120.257716 35.484924 NaN
-120.187006 35.555635 NaN
-120.116295 35.626346 NaN
-120.045584 35.697056 NaN
-119.974874 35.767767 NaN
-119.904163 35.838478 NaN
-119.833452 35.909188 NaN
-119.762742 35.979899 NaN
-119.692031 36.050610 NaN
-119.621320 36.121320 NaN
-119.550610 36.192031 NaN
-119.479899 36.262742 NaN
-119.409188 36.333452 NaN
-119.338478 36.404163 NaN
-119.267767 36.474874 NaN
-119.197056 36.545584 NaN
-119.126346 36.616295 NaN
-119.055635 36.687006 NaN
-118.984924 36.757716 NaN
-118.914214 36.828427 NaN
-118.843503 36.899138 NaN
-118.772792 36.969848 NaN
-118.702082 37.040559 NaN
-118.631371 37.111270 NaN
-118.560660 37.181981 NaN
-118.489949 37.252691 NaN
-118.419239 37.323402 NaN
-118.348528 37.394113 NaN
-118.277817 37.464823 NaN
-118.207107 37.535534 NaN
-118.136396 37.606245 NaN
-118.065685 37.676955 NaN
-117.994975 37.747666 NaN
-117.924264 37.818377 NaN
-117.853553 37.889087 NaN
